pfn,n_read,n_write
786432,446,0
786433,892,0
786434,1338,0
786435,1338,0
786436,1338,0
786437,1338,0
786438,1338,0
786439,1338,0
786440,1338,0
786441,1338,0
786442,1338,0
786443,1338,0
786444,1338,0
786445,1338,0
786446,1338,0
786447,1338,0
786448,1338,0
786449,1338,0
786450,1338,0
786451,1338,0
786452,1338,0
786453,1338,0
786454,1338,0
786455,1338,0
786456,1338,0
786457,1338,0
786458,1338,0
786459,1338,0
786460,1338,0
786461,1338,0
786462,1338,0
786463,1338,0
786464,1338,0
786465,1338,0
786466,1338,0
786467,1338,0
786468,1338,0
786469,1338,0
786470,1338,0
786471,1338,0
786472,1338,0
786473,1338,0
786474,1338,0
786475,1338,0
786476,1338,0
786477,1338,0
786478,1338,0
786479,1338,0
786480,1338,0
786481,1338,0
786482,1338,0
786483,1338,0
786484,1338,0
786485,1338,0
786486,1338,0
786487,1338,0
786488,1338,0
786489,1338,0
786490,1338,0
786491,1338,0
786492,1338,0
786493,1338,0
786494,1338,0
786495,1338,0
786496,1338,0
786497,1338,0
786498,1338,0
786499,1338,0
786500,1338,0
786501,1338,0
786502,1338,0
786503,1338,0
786504,1338,0
786505,1338,0
786506,1338,0
786507,1338,0
786508,1338,0
786509,1338,0
786510,1338,0
786511,1338,0
786512,1338,0
786513,1338,0
786514,1338,0
786515,1338,0
786516,1338,0
786517,1338,0
786518,1338,0
786519,1338,0
786520,1338,0
786521,1338,0
786522,1338,0
786523,1338,0
786524,1338,0
786525,1338,0
786526,1338,0
786527,1338,0
786528,1338,0
786529,1338,0
786530,1338,0
786531,1338,0
786532,1338,0
786533,1338,0
786534,1338,0
786535,1338,0
786536,1338,0
786537,1338,0
786538,1338,0
786539,1338,0
786540,1338,0
786541,1338,0
786542,1338,0
786543,1338,0
786544,1338,0
786545,1338,0
786546,1338,0
786547,1338,0
786548,1338,0
786549,1338,0
786550,1338,0
786551,1338,0
786552,1338,0
786553,1338,0
786554,1338,0
786555,1338,0
786556,1338,0
786557,1338,0
786558,1338,0
786559,1338,0
786560,1338,0
786561,1338,0
786562,1338,0
786563,1338,0
786564,1338,0
786565,1338,0
786566,1338,0
786567,1338,0
786568,1338,0
786569,1338,0
786570,1338,0
786571,1338,0
786572,1338,0
786573,1338,0
786574,1338,0
786575,1338,0
786576,1338,0
786577,1338,0
786578,1338,0
786579,1338,0
786580,1338,0
786581,1338,0
786582,1338,0
786583,1338,0
786584,1338,0
786585,1338,0
786586,1338,0
786587,1338,0
786588,1338,0
786589,1338,0
786590,1338,0
786591,1338,0
786592,1338,0
786593,1338,0
786594,1338,0
786595,1338,0
786596,1338,0
786597,1338,0
786598,1338,0
786599,1338,0
786600,1338,0
786601,1338,0
786602,1338,0
786603,1338,0
786604,1338,0
786605,1338,0
786606,1338,0
786607,1338,0
786608,1338,0
786609,1338,0
786610,1338,0
786611,1338,0
786612,1338,0
786613,1338,0
786614,1338,0
786615,1338,0
786616,1338,0
786617,1338,0
786618,1338,0
786619,1338,0
786620,1338,0
786621,1338,0
786622,1338,0
786623,1338,0
786624,1338,0
786625,1338,0
786626,1338,0
786627,1338,0
786628,1338,0
786629,1338,0
786630,1338,0
786631,1338,0
786632,1338,0
786633,1338,0
786634,1338,0
786635,1338,0
786636,1338,0
786637,1338,0
786638,1338,0
786639,1338,0
786640,1338,0
786641,1338,0
786642,1338,0
786643,1338,0
786644,1338,0
786645,1338,0
786646,1338,0
786647,1338,0
786648,1338,0
786649,1338,0
786650,1338,0
786651,1338,0
786652,1338,0
786653,1338,0
786654,1338,0
786655,1338,0
786656,1338,0
786657,1338,0
786658,1338,0
786659,1338,0
786660,1338,0
786661,1338,0
786662,1338,0
786663,1338,0
786664,1338,0
786665,1338,0
786666,1338,0
786667,1338,0
786668,1338,0
786669,1338,0
786670,1338,0
786671,1338,0
786672,1338,0
786673,1338,0
786674,1338,0
786675,1338,0
786676,1338,0
786677,1338,0
786678,1338,0
786679,1338,0
786680,1338,0
786681,1338,0
786682,1338,0
786683,1338,0
786684,1338,0
786685,1338,0
786686,1338,0
786687,1338,0
786688,1338,0
786689,1338,0
786690,1338,0
786691,1338,0
786692,1338,0
786693,1338,0
786694,1338,0
786695,1338,0
786696,1338,0
786697,1338,0
786698,1338,0
786699,1338,0
786700,1338,0
786701,1338,0
786702,1338,0
786703,1338,0
786704,1338,0
786705,1338,0
786706,1338,0
786707,1338,0
786708,1338,0
786709,1338,0
786710,1338,0
786711,1338,0
786712,1338,0
786713,1338,0
786714,1338,0
786715,1338,0
786716,1338,0
786717,1338,0
786718,1338,0
786719,1338,0
786720,1338,0
786721,1338,0
786722,1338,0
786723,1338,0
786724,1338,0
786725,1338,0
786726,1338,0
786727,1338,0
786728,1338,0
786729,1338,0
786730,1338,0
786731,1338,0
786732,1338,0
786733,1338,0
786734,1338,0
786735,1338,0
786736,1338,0
786737,1338,0
786738,1338,0
786739,1338,0
786740,1338,0
786741,1338,0
786742,1338,0
786743,1338,0
786744,1338,0
786745,1338,0
786746,1338,0
786747,1338,0
786748,1338,0
786749,1338,0
786750,1338,0
786751,1338,0
786752,1338,0
786753,1338,0
786754,1338,0
786755,1338,0
786756,1338,0
786757,1338,0
786758,1338,0
786759,1338,0
786760,1338,0
786761,1338,0
786762,1338,0
786763,1338,0
786764,1338,0
786765,1338,0
786766,1338,0
786767,1338,0
786768,1338,0
786769,1338,0
786770,1338,0
786771,1338,0
786772,1338,0
786773,1338,0
786774,1338,0
786775,1338,0
786776,1338,0
786777,1338,0
786778,1338,0
786779,1338,0
786780,1338,0
786781,1338,0
786782,1338,0
786783,1338,0
786784,1338,0
786785,1338,0
786786,1338,0
786787,1338,0
786788,1338,0
786789,1338,0
786790,1338,0
786791,1338,0
786792,1338,0
786793,1338,0
786794,1338,0
786795,1338,0
786796,1338,0
786797,1338,0
786798,1338,0
786799,1338,0
786800,1338,0
786801,1338,0
786802,1338,0
786803,1338,0
786804,1338,0
786805,1338,0
786806,1338,0
786807,1338,0
786808,1338,0
786809,1338,0
786810,1338,0
786811,1338,0
786812,1338,0
786813,1338,0
786814,1338,0
786815,1338,0
786816,1338,0
786817,1338,0
786818,1338,0
786819,1338,0
786820,1338,0
786821,1338,0
786822,1338,0
786823,1338,0
786824,1338,0
786825,1338,0
786826,1338,0
786827,1338,0
786828,1338,0
786829,1338,0
786830,1338,0
786831,1338,0
786832,1338,0
786833,1338,0
786834,1338,0
786835,1338,0
786836,1338,0
786837,1338,0
786838,1338,0
786839,1338,0
786840,1338,0
786841,1338,0
786842,1338,0
786843,1338,0
786844,1338,0
786845,1338,0
786846,1338,0
786847,1338,0
786848,1338,0
786849,1338,0
786850,1338,0
786851,1338,0
786852,1338,0
786853,1338,0
786854,1338,0
786855,1338,0
786856,1338,0
786857,1338,0
786858,1338,0
786859,1338,0
786860,1338,0
786861,1338,0
786862,1338,0
786863,1338,0
786864,1338,0
786865,1338,0
786866,1338,0
786867,1338,0
786868,1338,0
786869,1338,0
786870,1338,0
786871,1338,0
786872,1338,0
786873,1338,0
786874,1338,0
786875,1338,0
786876,1338,0
786877,1338,0
786878,1338,0
786879,1338,0
786880,1338,0
786881,1338,0
786882,1338,0
786883,1338,0
786884,1338,0
786885,1338,0
786886,1338,0
786887,1338,0
786888,1338,0
786889,1338,0
786890,1338,0
786891,1338,0
786892,1338,0
786893,1338,0
786894,1338,0
786895,1338,0
786896,1338,0
786897,1338,0
786898,1338,0
786899,1338,0
786900,1338,0
786901,1338,0
786902,1338,0
786903,1338,0
786904,1338,0
786905,1338,0
786906,1338,0
786907,1338,0
786908,1338,0
786909,1338,0
786910,1338,0
786911,1338,0
786912,1338,0
786913,1338,0
786914,1338,0
786915,1338,0
786916,1338,0
786917,1338,0
786918,1338,0
786919,1338,0
786920,1338,0
786921,1338,0
786922,1338,0
786923,1338,0
786924,1338,0
786925,1338,0
786926,1338,0
786927,1338,0
786928,1338,0
786929,1338,0
786930,1338,0
786931,1338,0
786932,1338,0
786933,1338,0
786934,1338,0
786935,1338,0
786936,1338,0
786937,1338,0
786938,1338,0
786939,1338,0
786940,1338,0
786941,1338,0
786942,1338,0
786943,1338,0
786944,1338,0
786945,1338,0
786946,1338,0
786947,1338,0
786948,1338,0
786949,1338,0
786950,1338,0
786951,1338,0
786952,1338,0
786953,1338,0
786954,1338,0
786955,1338,0
786956,1338,0
786957,1338,0
786958,1338,0
786959,1338,0
786960,1338,0
786961,1338,0
786962,1338,0
786963,1338,0
786964,1338,0
786965,1338,0
786966,1338,0
786967,1338,0
786968,1338,0
786969,1338,0
786970,1338,0
786971,1338,0
786972,1338,0
786973,1338,0
786974,1338,0
786975,1338,0
786976,1338,0
786977,1338,0
786978,1338,0
786979,1338,0
786980,1338,0
786981,1338,0
786982,1338,0
786983,1338,0
786984,1338,0
786985,1338,0
786986,1338,0
786987,1338,0
786988,1338,0
786989,1338,0
786990,1338,0
786991,1338,0
786992,1338,0
786993,1338,0
786994,1338,0
786995,1338,0
786996,1338,0
786997,1338,0
786998,1338,0
786999,1338,0
787000,1338,0
787001,1338,0
787002,1338,0
787003,1338,0
787004,1338,0
787005,1338,0
787006,1338,0
787007,1338,0
787008,1338,0
787009,1338,0
787010,1338,0
787011,1338,0
787012,1338,0
787013,1338,0
787014,1338,0
787015,1338,0
787016,1338,0
787017,1338,0
787018,1338,0
787019,1338,0
787020,1338,0
787021,1338,0
787022,1338,0
787023,1338,0
787024,1338,0
787025,1338,0
787026,1338,0
787027,1338,0
787028,1338,0
787029,1338,0
787030,1338,0
787031,1338,0
787032,1338,0
787033,1338,0
787034,1338,0
787035,1338,0
787036,1338,0
787037,1338,0
787038,1338,0
787039,1338,0
787040,1338,0
787041,1338,0
787042,1338,0
787043,1338,0
787044,1338,0
787045,1338,0
787046,1338,0
787047,1338,0
787048,1338,0
787049,1338,0
787050,1338,0
787051,1338,0
787052,1338,0
787053,1338,0
787054,1338,0
787055,1338,0
787056,1338,0
787057,1338,0
787058,1338,0
787059,1338,0
787060,1338,0
787061,1338,0
787062,1338,0
787063,1338,0
787064,1338,0
787065,1338,0
787066,1338,0
787067,1338,0
787068,1338,0
787069,1338,0
787070,1338,0
787071,1338,0
787072,1338,0
787073,1338,0
787074,1338,0
787075,1338,0
787076,1338,0
787077,1338,0
787078,1338,0
787079,1338,0
787080,1338,0
787081,1338,0
787082,1338,0
787083,1338,0
787084,1338,0
787085,1338,0
787086,1338,0
787087,1338,0
787088,1338,0
787089,1338,0
787090,1338,0
787091,1338,0
787092,1338,0
787093,1338,0
787094,1338,0
787095,1338,0
787096,1338,0
787097,1338,0
787098,1338,0
787099,1338,0
787100,1338,0
787101,1338,0
787102,1338,0
787103,1338,0
787104,1338,0
787105,1338,0
787106,1338,0
787107,1338,0
787108,1338,0
787109,1338,0
787110,1338,0
787111,1338,0
787112,1338,0
787113,1338,0
787114,1338,0
787115,1338,0
787116,1338,0
787117,1338,0
787118,1338,0
787119,1338,0
787120,1338,0
787121,1338,0
787122,1338,0
787123,1338,0
787124,1338,0
787125,1338,0
787126,1338,0
787127,1338,0
787128,1338,0
787129,1338,0
787130,1338,0
787131,1338,0
787132,1338,0
787133,1338,0
787134,1338,0
787135,1338,0
787136,1338,0
787137,1338,0
787138,1338,0
787139,1338,0
787140,1338,0
787141,1338,0
787142,1338,0
787143,1338,0
787144,1338,0
787145,1338,0
787146,1338,0
787147,1338,0
787148,1338,0
787149,1338,0
787150,1338,0
787151,1338,0
787152,1338,0
787153,1338,0
787154,1338,0
787155,1338,0
787156,1338,0
787157,1338,0
787158,1338,0
787159,1338,0
787160,1338,0
787161,1338,0
787162,1338,0
787163,1338,0
787164,1338,0
787165,1338,0
787166,1338,0
787167,1338,0
787168,1338,0
787169,1338,0
787170,1338,0
787171,1338,0
787172,1338,0
787173,1338,0
787174,1338,0
787175,1338,0
787176,1338,0
787177,1338,0
787178,1338,0
787179,1338,0
787180,1338,0
787181,1338,0
787182,1338,0
787183,1338,0
787184,1338,0
787185,1338,0
787186,1338,0
787187,1338,0
787188,1338,0
787189,1338,0
787190,1338,0
787191,1338,0
787192,1338,0
787193,1338,0
787194,1338,0
787195,1338,0
787196,1338,0
787197,1338,0
787198,1338,0
787199,1338,0
787200,1338,0
787201,1338,0
787202,1338,0
787203,1338,0
787204,1338,0
787205,1338,0
787206,1338,0
787207,1338,0
787208,1338,0
787209,1338,0
787210,1338,0
787211,1338,0
787212,1338,0
787213,1338,0
787214,1338,0
787215,1338,0
787216,1338,0
787217,1338,0
787218,1338,0
787219,1338,0
787220,1338,0
787221,1338,0
787222,1338,0
787223,1338,0
787224,1338,0
787225,1338,0
787226,1338,0
787227,1338,0
787228,1338,0
787229,1338,0
787230,1338,0
787231,1338,0
787232,1338,0
787233,1338,0
787234,1338,0
787235,1338,0
787236,1338,0
787237,1338,0
787238,1338,0
787239,1338,0
787240,1338,0
787241,1338,0
787242,1338,0
787243,1338,0
787244,1338,0
787245,1338,0
787246,1338,0
787247,1338,0
787248,1338,0
787249,1338,0
787250,1338,0
787251,1338,0
787252,1338,0
787253,1338,0
787254,1338,0
787255,1338,0
787256,1338,0
787257,1338,0
787258,1338,0
787259,1338,0
787260,1338,0
787261,1338,0
787262,1338,0
787263,1338,0
787264,1338,0
787265,1338,0
787266,1338,0
787267,1338,0
787268,1338,0
787269,1338,0
787270,1338,0
787271,1338,0
787272,1338,0
787273,1338,0
787274,1338,0
787275,1338,0
787276,1338,0
787277,1338,0
787278,1338,0
787279,1338,0
787280,1338,0
787281,1338,0
787282,1338,0
787283,1338,0
787284,1338,0
787285,1338,0
787286,1338,0
787287,1338,0
787288,1338,0
787289,1338,0
787290,1338,0
787291,1338,0
787292,1338,0
787293,1338,0
787294,1338,0
787295,1338,0
787296,1338,0
787297,1338,0
787298,1338,0
787299,1338,0
787300,1338,0
787301,1338,0
787302,1338,0
787303,1338,0
787304,1338,0
787305,1338,0
787306,1338,0
787307,1338,0
787308,1338,0
787309,1338,0
787310,1338,0
787311,1338,0
787312,1338,0
787313,1338,0
787314,1338,0
787315,1338,0
787316,1338,0
787317,1338,0
787318,1338,0
787319,1338,0
787320,1338,0
787321,1338,0
787322,1338,0
787323,1338,0
787324,1338,0
787325,1338,0
787326,1338,0
787327,1338,0
787328,1338,0
787329,1338,0
787330,1338,0
787331,1338,0
787332,1338,0
787333,1338,0
787334,1338,0
787335,1338,0
787336,1338,0
787337,1338,0
787338,1338,0
787339,1338,0
787340,1338,0
787341,1338,0
787342,1338,0
787343,1338,0
787344,1338,0
787345,1338,0
787346,1338,0
787347,1338,0
787348,1338,0
787349,1338,0
787350,1338,0
787351,1338,0
787352,1338,0
787353,1338,0
787354,1338,0
787355,1338,0
787356,1338,0
787357,1338,0
787358,1338,0
787359,1338,0
787360,1338,0
787361,1338,0
787362,1338,0
787363,1338,0
787364,1338,0
787365,1338,0
787366,1338,0
787367,1338,0
787368,1338,0
787369,1338,0
787370,1338,0
787371,1338,0
787372,1338,0
787373,1338,0
787374,1338,0
787375,1338,0
787376,1338,0
787377,1338,0
787378,1338,0
787379,1338,0
787380,1338,0
787381,1338,0
787382,1338,0
787383,1338,0
787384,1338,0
787385,1338,0
787386,1338,0
787387,1338,0
787388,1338,0
787389,1338,0
787390,1338,0
787391,1338,0
787392,1338,0
787393,1338,0
787394,1338,0
787395,1338,0
787396,1338,0
787397,1338,0
787398,1338,0
787399,1338,0
787400,1338,0
787401,1338,0
787402,1338,0
787403,1338,0
787404,1338,0
787405,1338,0
787406,1338,0
787407,1338,0
787408,1338,0
787409,1338,0
787410,1338,0
787411,1338,0
787412,1338,0
787413,1338,0
787414,1338,0
787415,1338,0
787416,1338,0
787417,1338,0
787418,1338,0
787419,1338,0
787420,1338,0
787421,1338,0
787422,1338,0
787423,1338,0
787424,1338,0
787425,1338,0
787426,1338,0
787427,1338,0
787428,1338,0
787429,1338,0
787430,1338,0
787431,1338,0
787432,1338,0
787433,1338,0
787434,1338,0
787435,1338,0
787436,1338,0
787437,1338,0
787438,1338,0
787439,1338,0
787440,1338,0
787441,1338,0
787442,1338,0
787443,1338,0
787444,1338,0
787445,1338,0
787446,1338,0
787447,1338,0
787448,1338,0
787449,1338,0
787450,1338,0
787451,1338,0
787452,1338,0
787453,1338,0
787454,892,0
787455,446,0
787457,0,128
787458,0,128
787459,0,128
787460,0,128
787461,0,128
787462,0,128
787463,0,128
787464,0,128
787465,0,128
787466,0,128
787467,0,128
787468,0,128
787469,0,128
787470,0,128
787471,0,128
787472,0,128
787473,0,128
787474,0,128
787475,0,128
787476,0,128
787477,0,128
787478,0,128
787479,0,128
787480,0,128
787481,0,128
787482,0,128
787483,0,128
787484,0,128
787485,0,128
787486,0,128
787487,0,128
787488,0,128
787489,0,128
787490,0,128
787491,0,128
787492,0,128
787493,0,128
787494,0,128
787495,0,128
787496,0,128
787497,0,128
787498,0,128
787499,0,128
787500,0,128
787501,0,128
787502,0,128
787503,0,128
787504,0,128
787505,0,128
787506,0,128
787507,0,128
787508,0,128
787509,0,128
787510,0,128
787511,0,128
787512,0,128
787513,0,128
787514,0,128
787515,0,128
787516,0,128
787517,0,128
787518,0,128
787519,0,128
787520,0,128
787521,0,128
787522,0,128
787523,0,128
787524,0,128
787525,0,128
787526,0,128
787527,0,128
787528,0,128
787529,0,128
787530,0,128
787531,0,128
787532,0,128
787533,0,128
787534,0,128
787535,0,128
787536,0,128
787537,0,128
787538,0,128
787539,0,128
787540,0,128
787541,0,128
787542,0,128
787543,0,128
787544,0,128
787545,0,128
787546,0,128
787547,0,128
787548,0,128
787549,0,128
787550,0,128
787551,0,128
787552,0,128
787553,0,128
787554,0,128
787555,0,128
787556,0,128
787557,0,128
787558,0,128
787559,0,128
787560,0,128
787561,0,128
787562,0,128
787563,0,128
787564,0,128
787565,0,128
787566,0,128
787567,0,128
787568,0,128
787569,0,128
787570,0,128
787571,0,128
787572,0,128
787573,0,128
787574,0,128
787575,0,128
787576,0,128
787577,0,128
787578,0,128
787579,0,128
787580,0,128
787581,0,128
787582,0,128
787583,0,128
787584,0,128
787585,0,128
787586,0,128
787587,0,128
787588,0,128
787589,0,128
787590,0,128
787591,0,128
787592,0,128
787593,0,128
787594,0,128
787595,0,128
787596,0,128
787597,0,128
787598,0,128
787599,0,128
787600,0,128
787601,0,128
787602,0,128
787603,0,128
787604,0,128
787605,0,128
787606,0,128
787607,0,128
787608,0,128
787609,0,128
787610,0,128
787611,0,128
787612,0,128
787613,0,128
787614,0,128
787615,0,128
787616,0,128
787617,0,128
787618,0,128
787619,0,128
787620,0,128
787621,0,128
787622,0,128
787623,0,128
787624,0,128
787625,0,128
787626,0,128
787627,0,128
787628,0,128
787629,0,128
787630,0,128
787631,0,128
787632,0,128
787633,0,128
787634,0,128
787635,0,128
787636,0,128
787637,0,128
787638,0,128
787639,0,128
787640,0,128
787641,0,128
787642,0,128
787643,0,128
787644,0,128
787645,0,128
787646,0,128
787647,0,128
787648,0,128
787649,0,128
787650,0,128
787651,0,128
787652,0,128
787653,0,128
787654,0,128
787655,0,128
787656,0,128
787657,0,128
787658,0,128
787659,0,128
787660,0,128
787661,0,128
787662,0,128
787663,0,128
787664,0,128
787665,0,128
787666,0,128
787667,0,128
787668,0,128
787669,0,128
787670,0,128
787671,0,128
787672,0,128
787673,0,128
787674,0,128
787675,0,128
787676,0,128
787677,0,128
787678,0,128
787679,0,128
787680,0,128
787681,0,128
787682,0,128
787683,0,128
787684,0,128
787685,0,128
787686,0,128
787687,0,128
787688,0,128
787689,0,128
787690,0,128
787691,0,128
787692,0,128
787693,0,128
787694,0,128
787695,0,128
787696,0,128
787697,0,128
787698,0,128
787699,0,128
787700,0,128
787701,0,128
787702,0,128
787703,0,128
787704,0,128
787705,0,128
787706,0,128
787707,0,128
787708,0,128
787709,0,128
787710,0,128
787711,0,128
787712,0,128
787713,0,128
787714,0,128
787715,0,128
787716,0,128
787717,0,128
787718,0,128
787719,0,128
787720,0,128
787721,0,128
787722,0,128
787723,0,128
787724,0,128
787725,0,128
787726,0,128
787727,0,128
787728,0,128
787729,0,128
787730,0,128
787731,0,128
787732,0,128
787733,0,128
787734,0,128
787735,0,128
787736,0,128
787737,0,128
787738,0,128
787739,0,128
787740,0,128
787741,0,128
787742,0,128
787743,0,128
787744,0,128
787745,0,128
787746,0,128
787747,0,128
787748,0,128
787749,0,128
787750,0,128
787751,0,128
787752,0,128
787753,0,128
787754,0,128
787755,0,128
787756,0,128
787757,0,128
787758,0,128
787759,0,128
787760,0,128
787761,0,128
787762,0,128
787763,0,128
787764,0,128
787765,0,128
787766,0,128
787767,0,128
787768,0,128
787769,0,128
787770,0,128
787771,0,128
787772,0,128
787773,0,128
787774,0,128
787775,0,128
787776,0,128
787777,0,128
787778,0,128
787779,0,128
787780,0,128
787781,0,128
787782,0,128
787783,0,128
787784,0,128
787785,0,128
787786,0,128
787787,0,128
787788,0,128
787789,0,128
787790,0,128
787791,0,128
787792,0,128
787793,0,128
787794,0,128
787795,0,128
787796,0,128
787797,0,128
787798,0,128
787799,0,128
787800,0,128
787801,0,128
787802,0,128
787803,0,128
787804,0,128
787805,0,128
787806,0,128
787807,0,128
787808,0,128
787809,0,128
787810,0,128
787811,0,128
787812,0,128
787813,0,128
787814,0,128
787815,0,128
787816,0,128
787817,0,128
787818,0,128
787819,0,128
787820,0,128
787821,0,128
787822,0,128
787823,0,128
787824,0,128
787825,0,128
787826,0,128
787827,0,128
787828,0,128
787829,0,128
787830,0,128
787831,0,128
787832,0,128
787833,0,128
787834,0,128
787835,0,128
787836,0,128
787837,0,128
787838,0,128
787839,0,128
787840,0,128
787841,0,128
787842,0,128
787843,0,128
787844,0,128
787845,0,128
787846,0,128
787847,0,128
787848,0,128
787849,0,128
787850,0,128
787851,0,128
787852,0,128
787853,0,128
787854,0,128
787855,0,128
787856,0,128
787857,0,128
787858,0,128
787859,0,128
787860,0,128
787861,0,128
787862,0,128
787863,0,128
787864,0,128
787865,0,128
787866,0,128
787867,0,128
787868,0,128
787869,0,128
787870,0,128
787871,0,128
787872,0,128
787873,0,128
787874,0,128
787875,0,128
787876,0,128
787877,0,128
787878,0,128
787879,0,128
787880,0,128
787881,0,128
787882,0,128
787883,0,128
787884,0,128
787885,0,128
787886,0,128
787887,0,128
787888,0,128
787889,0,128
787890,0,128
787891,0,128
787892,0,128
787893,0,128
787894,0,128
787895,0,128
787896,0,128
787897,0,128
787898,0,128
787899,0,128
787900,0,128
787901,0,128
787902,0,128
787903,0,128
787904,0,128
787905,0,128
787906,0,128
787907,0,128
787908,0,128
787909,0,128
787910,0,128
787911,0,128
787912,0,128
787913,0,128
787914,0,128
787915,0,128
787916,0,128
787917,0,128
787918,0,128
787919,0,128
787920,0,128
787921,0,128
787922,0,128
787923,0,128
787924,0,128
787925,0,128
787926,0,128
787927,0,128
787928,0,128
787929,0,128
787930,0,128
787931,0,128
787932,0,128
787933,0,128
787934,0,128
787935,0,128
787936,0,128
787937,0,128
787938,0,128
787939,0,128
787940,0,128
787941,0,128
787942,0,128
787943,0,128
787944,0,128
787945,0,128
787946,0,128
787947,0,128
787948,0,128
787949,0,128
787950,0,128
787951,0,128
787952,0,128
787953,0,128
787954,0,128
787955,0,128
787956,0,128
787957,0,128
787958,0,128
787959,0,128
787960,0,128
787961,0,128
787962,0,128
787963,0,128
787964,0,128
787965,0,128
787966,0,128
787967,0,128
787968,0,128
787969,0,128
787970,0,128
787971,0,128
787972,0,128
787973,0,128
787974,0,128
787975,0,128
787976,0,128
787977,0,128
787978,0,128
787979,0,128
787980,0,128
787981,0,128
787982,0,128
787983,0,128
787984,0,128
787985,0,128
787986,0,128
787987,0,128
787988,0,128
787989,0,128
787990,0,128
787991,0,128
787992,0,128
787993,0,128
787994,0,128
787995,0,128
787996,0,128
787997,0,128
787998,0,128
787999,0,128
788000,0,128
788001,0,128
788002,0,128
788003,0,128
788004,0,128
788005,0,128
788006,0,128
788007,0,128
788008,0,128
788009,0,128
788010,0,128
788011,0,128
788012,0,128
788013,0,128
788014,0,128
788015,0,128
788016,0,128
788017,0,128
788018,0,128
788019,0,128
788020,0,128
788021,0,128
788022,0,128
788023,0,128
788024,0,128
788025,0,128
788026,0,128
788027,0,128
788028,0,128
788029,0,128
788030,0,128
788031,0,128
788032,0,128
788033,0,128
788034,0,128
788035,0,128
788036,0,128
788037,0,128
788038,0,128
788039,0,128
788040,0,128
788041,0,128
788042,0,128
788043,0,128
788044,0,128
788045,0,128
788046,0,128
788047,0,128
788048,0,128
788049,0,128
788050,0,128
788051,0,128
788052,0,128
788053,0,128
788054,0,128
788055,0,128
788056,0,128
788057,0,128
788058,0,128
788059,0,128
788060,0,128
788061,0,128
788062,0,128
788063,0,128
788064,0,128
788065,0,128
788066,0,128
788067,0,128
788068,0,128
788069,0,128
788070,0,128
788071,0,128
788072,0,128
788073,0,128
788074,0,128
788075,0,128
788076,0,128
788077,0,128
788078,0,128
788079,0,128
788080,0,128
788081,0,128
788082,0,128
788083,0,128
788084,0,128
788085,0,128
788086,0,128
788087,0,128
788088,0,128
788089,0,128
788090,0,128
788091,0,128
788092,0,128
788093,0,128
788094,0,128
788095,0,128
788096,0,128
788097,0,128
788098,0,128
788099,0,128
788100,0,128
788101,0,128
788102,0,128
788103,0,128
788104,0,128
788105,0,128
788106,0,128
788107,0,128
788108,0,128
788109,0,128
788110,0,128
788111,0,128
788112,0,128
788113,0,128
788114,0,128
788115,0,128
788116,0,128
788117,0,128
788118,0,128
788119,0,128
788120,0,128
788121,0,128
788122,0,128
788123,0,128
788124,0,128
788125,0,128
788126,0,128
788127,0,128
788128,0,128
788129,0,128
788130,0,128
788131,0,128
788132,0,128
788133,0,128
788134,0,128
788135,0,128
788136,0,128
788137,0,128
788138,0,128
788139,0,128
788140,0,128
788141,0,128
788142,0,128
788143,0,128
788144,0,128
788145,0,128
788146,0,128
788147,0,128
788148,0,128
788149,0,128
788150,0,128
788151,0,128
788152,0,128
788153,0,128
788154,0,128
788155,0,128
788156,0,128
788157,0,128
788158,0,128
788159,0,128
788160,0,128
788161,0,128
788162,0,128
788163,0,128
788164,0,128
788165,0,128
788166,0,128
788167,0,128
788168,0,128
788169,0,128
788170,0,128
788171,0,128
788172,0,128
788173,0,128
788174,0,128
788175,0,128
788176,0,128
788177,0,128
788178,0,128
788179,0,128
788180,0,128
788181,0,128
788182,0,128
788183,0,128
788184,0,128
788185,0,128
788186,0,128
788187,0,128
788188,0,128
788189,0,128
788190,0,128
788191,0,128
788192,0,128
788193,0,128
788194,0,128
788195,0,128
788196,0,128
788197,0,128
788198,0,128
788199,0,128
788200,0,128
788201,0,128
788202,0,128
788203,0,128
788204,0,128
788205,0,128
788206,0,128
788207,0,128
788208,0,128
788209,0,128
788210,0,128
788211,0,128
788212,0,128
788213,0,128
788214,0,128
788215,0,128
788216,0,128
788217,0,128
788218,0,128
788219,0,128
788220,0,128
788221,0,128
788222,0,128
788223,0,128
788224,0,128
788225,0,128
788226,0,128
788227,0,128
788228,0,128
788229,0,128
788230,0,128
788231,0,128
788232,0,128
788233,0,128
788234,0,128
788235,0,128
788236,0,128
788237,0,128
788238,0,128
788239,0,128
788240,0,128
788241,0,128
788242,0,128
788243,0,128
788244,0,128
788245,0,128
788246,0,128
788247,0,128
788248,0,128
788249,0,128
788250,0,128
788251,0,128
788252,0,128
788253,0,128
788254,0,128
788255,0,128
788256,0,128
788257,0,128
788258,0,128
788259,0,128
788260,0,128
788261,0,128
788262,0,128
788263,0,128
788264,0,128
788265,0,128
788266,0,128
788267,0,128
788268,0,128
788269,0,128
788270,0,128
788271,0,128
788272,0,128
788273,0,128
788274,0,128
788275,0,128
788276,0,128
788277,0,128
788278,0,128
788279,0,128
788280,0,128
788281,0,128
788282,0,128
788283,0,128
788284,0,128
788285,0,128
788286,0,128
788287,0,128
788288,0,128
788289,0,128
788290,0,128
788291,0,128
788292,0,128
788293,0,128
788294,0,128
788295,0,128
788296,0,128
788297,0,128
788298,0,128
788299,0,128
788300,0,128
788301,0,128
788302,0,128
788303,0,128
788304,0,128
788305,0,128
788306,0,128
788307,0,128
788308,0,128
788309,0,128
788310,0,128
788311,0,128
788312,0,128
788313,0,128
788314,0,128
788315,0,128
788316,0,128
788317,0,128
788318,0,128
788319,0,128
788320,0,128
788321,0,128
788322,0,128
788323,0,128
788324,0,128
788325,0,128
788326,0,128
788327,0,128
788328,0,128
788329,0,128
788330,0,128
788331,0,128
788332,0,128
788333,0,128
788334,0,128
788335,0,128
788336,0,128
788337,0,128
788338,0,128
788339,0,128
788340,0,128
788341,0,128
788342,0,128
788343,0,128
788344,0,128
788345,0,128
788346,0,128
788347,0,128
788348,0,128
788349,0,128
788350,0,128
788351,0,128
788352,0,128
788353,0,128
788354,0,128
788355,0,128
788356,0,128
788357,0,128
788358,0,128
788359,0,128
788360,0,128
788361,0,128
788362,0,128
788363,0,128
788364,0,128
788365,0,128
788366,0,128
788367,0,128
788368,0,128
788369,0,128
788370,0,128
788371,0,128
788372,0,128
788373,0,128
788374,0,128
788375,0,128
788376,0,128
788377,0,128
788378,0,128
788379,0,128
788380,0,128
788381,0,128
788382,0,128
788383,0,128
788384,0,128
788385,0,128
788386,0,128
788387,0,128
788388,0,128
788389,0,128
788390,0,128
788391,0,128
788392,0,128
788393,0,128
788394,0,128
788395,0,128
788396,0,128
788397,0,128
788398,0,128
788399,0,128
788400,0,128
788401,0,128
788402,0,128
788403,0,128
788404,0,128
788405,0,128
788406,0,128
788407,0,128
788408,0,128
788409,0,128
788410,0,128
788411,0,128
788412,0,128
788413,0,128
788414,0,128
788415,0,128
788416,0,128
788417,0,128
788418,0,128
788419,0,128
788420,0,128
788421,0,128
788422,0,128
788423,0,128
788424,0,128
788425,0,128
788426,0,128
788427,0,128
788428,0,128
788429,0,128
788430,0,128
788431,0,128
788432,0,128
788433,0,128
788434,0,128
788435,0,128
788436,0,128
788437,0,128
788438,0,128
788439,0,128
788440,0,128
788441,0,128
788442,0,128
788443,0,128
788444,0,128
788445,0,128
788446,0,128
788447,0,128
788448,0,128
788449,0,128
788450,0,128
788451,0,128
788452,0,128
788453,0,128
788454,0,128
788455,0,128
788456,0,128
788457,0,128
788458,0,128
788459,0,128
788460,0,128
788461,0,128
788462,0,128
788463,0,128
788464,0,128
788465,0,128
788466,0,128
788467,0,128
788468,0,128
788469,0,128
788470,0,128
788471,0,128
788472,0,128
788473,0,128
788474,0,128
788475,0,128
788476,0,128
788477,0,128
788478,0,128
