pfn,tot_access_count,tlb_hit,tlb_tot_miss,tlb_miss_pt_hit,tlb_miss_pt_miss,tlb_miss_pt_miss_outstand,tlb_miss_pt_miss_pending
786432,446,159,287,0,287,1,255
786433,892,446,446,0,446,1,445
786434,1338,733,605,0,605,1,604
786435,1338,733,605,0,605,1,604
786436,1338,1051,287,0,287,1,286
786437,1338,733,605,0,605,1,574
786438,1338,733,605,0,605,1,604
786439,1338,733,605,318,287,1,286
786440,1338,892,446,159,287,1,255
786441,1338,892,446,0,446,1,445
786442,1338,733,605,0,605,1,604
786443,1338,733,605,0,605,1,604
786444,1338,1051,287,0,287,1,286
786445,1338,733,605,0,605,1,604
786446,1338,733,605,0,605,1,604
786447,1338,733,605,318,287,1,286
786448,1338,892,446,159,287,1,271
786449,1338,892,446,0,446,1,445
786450,1338,733,605,0,605,1,604
786451,1338,733,605,0,605,1,604
786452,1338,1051,287,0,287,1,286
786453,1338,733,605,0,605,1,604
786454,1338,733,605,0,605,1,604
786455,1338,733,605,0,605,1,604
786456,1338,892,446,159,287,1,271
786457,1338,733,605,0,605,1,604
786458,1338,1051,287,0,287,1,286
786459,1338,733,605,0,605,1,604
786460,1338,733,605,0,605,1,604
786461,1338,1051,287,0,287,1,286
786462,1338,892,446,0,446,1,445
786463,1338,733,605,318,287,1,286
786464,1338,892,446,159,287,1,286
786465,1338,892,446,0,446,1,445
786466,1338,1051,287,0,287,1,286
786467,1338,733,605,0,605,1,604
786468,1338,733,605,0,605,1,604
786469,1338,1051,287,0,287,1,286
786470,1338,892,446,0,446,1,445
786471,1338,733,605,0,605,1,604
786472,1338,892,446,159,287,1,286
786473,1338,733,605,0,605,1,604
786474,1338,1051,287,0,287,1,286
786475,1338,733,605,0,605,1,603
786476,1338,733,605,0,605,1,604
786477,1338,1051,287,0,287,1,286
786478,1338,892,446,0,446,1,416
786479,1338,733,605,318,287,1,286
786480,1338,892,446,159,287,1,286
786481,1338,892,446,0,446,1,445
786482,1338,1051,287,0,287,1,286
786483,1338,733,605,0,605,1,604
786484,1338,1051,287,0,287,1,286
786485,1338,1051,287,0,287,1,286
786486,1338,892,446,0,446,1,445
786487,1338,733,605,318,287,1,286
786488,1338,892,446,159,287,1,286
786489,1338,892,446,0,446,1,445
786490,1338,1051,287,0,287,1,286
786491,1338,733,605,0,605,1,604
786492,1338,1051,287,0,287,1,286
786493,1338,1051,287,0,287,1,286
786494,1338,892,446,0,446,1,445
786495,1338,733,605,0,605,1,604
786496,1338,733,605,0,605,1,604
786497,1338,1051,287,0,287,1,286
786498,1338,733,605,0,605,1,604
786499,1338,733,605,0,605,1,604
786500,1338,733,605,0,605,1,590
786501,1338,1051,287,0,287,1,286
786502,1338,892,446,0,446,1,445
786503,1338,733,605,318,287,1,286
786504,1338,892,446,159,287,1,286
786505,1338,1051,287,0,287,1,286
786506,1338,733,605,0,605,1,604
786507,1338,733,605,0,605,1,604
786508,1338,733,605,0,605,1,604
786509,1338,733,605,0,605,1,604
786510,1338,733,605,0,605,1,575
786511,1338,733,605,0,605,1,604
786512,1338,733,605,0,605,1,604
786513,1338,733,605,0,605,1,604
786514,1338,733,605,0,605,1,575
786515,1338,733,605,0,605,1,604
786516,1338,733,605,0,605,1,575
786517,1338,1051,287,0,287,1,285
786518,1338,1051,287,0,287,1,286
786519,1338,892,446,159,287,1,286
786520,1338,892,446,159,287,1,286
786521,1338,892,446,0,446,1,445
786522,1338,1051,287,0,287,1,286
786523,1338,733,605,0,605,1,604
786524,1338,1051,287,0,287,1,286
786525,1338,892,446,0,446,1,445
786526,1338,1051,287,0,287,1,286
786527,1338,892,446,159,287,1,272
786528,1338,892,446,159,287,1,286
786529,1338,892,446,0,446,1,445
786530,1338,1051,287,0,287,1,286
786531,1338,733,605,0,605,1,604
786532,1338,1051,287,0,287,1,286
786533,1338,892,446,0,446,1,445
786534,1338,1051,287,0,287,1,286
786535,1338,733,605,0,605,1,604
786536,1338,733,605,0,605,1,604
786537,1338,733,605,0,605,1,589
786538,1338,1051,287,0,287,1,272
786539,1338,733,605,0,605,1,604
786540,1338,733,605,0,605,1,604
786541,1338,733,605,0,605,1,604
786542,1338,733,605,0,605,1,590
786543,1338,733,605,318,287,1,286
786544,1338,892,446,159,287,1,286
786545,1338,892,446,0,446,1,445
786546,1338,733,605,0,605,1,604
786547,1338,733,605,0,605,1,604
786548,1338,733,605,0,605,1,604
786549,1338,1051,287,0,287,1,286
786550,1338,892,446,0,446,1,445
786551,1338,733,605,0,605,1,604
786552,1338,733,605,0,605,1,604
786553,1338,1051,287,0,287,1,286
786554,1338,733,605,0,605,1,604
786555,1338,733,605,0,605,1,604
786556,1338,1051,287,0,287,1,286
786557,1338,892,446,0,446,1,445
786558,1338,733,605,0,605,1,604
786559,1338,733,605,318,287,1,286
786560,1338,892,446,159,287,1,286
786561,1338,1051,287,0,287,1,286
786562,1338,733,605,0,605,1,603
786563,1338,733,605,0,605,1,604
786564,1338,1051,287,0,287,1,286
786565,1338,892,446,0,446,1,445
786566,1338,733,605,0,605,1,604
786567,1338,733,605,318,287,1,286
786568,1338,892,446,159,287,1,286
786569,1338,892,446,0,446,1,445
786570,1338,733,605,0,605,1,604
786571,1338,733,605,0,605,1,604
786572,1338,1051,287,0,287,1,286
786573,1338,892,446,0,446,1,445
786574,1338,733,605,0,605,1,604
786575,1338,733,605,318,287,1,286
786576,1338,733,605,0,605,1,604
786577,1338,1051,287,0,287,1,286
786578,1338,733,605,0,605,1,604
786579,1338,733,605,0,605,1,604
786580,1338,733,605,0,605,1,604
786581,1338,1051,287,0,287,1,286
786582,1338,733,605,0,605,1,604
786583,1338,733,605,318,287,1,257
786584,1338,892,446,159,287,1,286
786585,1338,1051,287,0,287,1,286
786586,1338,733,605,0,605,1,604
786587,1338,733,605,0,605,1,575
786588,1338,1051,287,0,287,1,286
786589,1338,1051,287,0,287,1,286
786590,1338,733,605,0,605,1,604
786591,1338,733,605,287,318,1,317
786592,1338,892,446,287,159,1,158
786593,1338,733,605,0,605,1,604
786594,1338,733,605,0,605,1,574
786595,1338,733,605,0,605,1,604
786596,1338,733,605,0,605,1,574
786597,1338,1051,287,0,287,1,286
786598,1338,1051,287,0,287,1,286
786599,1338,892,446,159,287,1,271
786600,1338,892,446,159,287,1,271
786601,1338,892,446,0,446,1,430
786602,1338,733,605,0,605,1,589
786603,1338,733,605,0,605,1,589
786604,1338,733,605,0,605,1,589
786605,1338,1051,287,0,287,1,271
786606,1338,892,446,0,446,1,430
786607,1338,733,605,318,287,1,286
786608,1338,892,446,159,287,1,272
786609,1338,892,446,0,446,1,445
786610,1338,1051,287,0,287,1,286
786611,1338,733,605,0,605,1,604
786612,1338,1051,287,0,287,1,286
786613,1338,1051,287,0,287,1,286
786614,1338,733,605,0,605,1,604
786615,1338,733,605,0,605,1,604
786616,1338,892,446,159,287,1,286
786617,1338,892,446,0,446,1,431
786618,1338,733,605,0,605,1,604
786619,1338,733,605,0,605,1,604
786620,1338,1051,287,0,287,1,286
786621,1338,733,605,0,605,1,604
786622,1338,1051,287,0,287,1,286
786623,1338,892,446,159,287,1,286
786624,1338,892,446,159,287,1,286
786625,1338,892,446,0,446,1,445
786626,1338,1051,287,0,287,1,286
786627,1338,733,605,0,605,1,604
786628,1338,733,605,0,605,1,604
786629,1338,733,605,0,605,1,604
786630,1338,1051,287,0,287,1,286
786631,1338,733,605,0,605,1,575
786632,1338,892,446,159,287,1,285
786633,1338,733,605,0,605,1,604
786634,1338,1051,287,0,287,1,286
786635,1338,733,605,0,605,1,604
786636,1338,1051,287,0,287,1,286
786637,1338,733,605,0,605,1,604
786638,1338,733,605,0,605,1,604
786639,1338,733,605,318,287,1,272
786640,1338,733,605,159,446,1,430
786641,1338,1051,287,0,287,1,286
786642,1338,892,446,0,446,1,445
786643,1338,733,605,0,605,1,604
786644,1338,1051,287,0,287,1,286
786645,1338,1051,287,0,287,1,286
786646,1338,733,605,0,605,1,604
786647,1338,733,605,318,287,1,273
786648,1338,733,605,159,446,1,445
786649,1338,1051,287,0,287,1,286
786650,1338,1051,287,0,287,1,286
786651,1338,733,605,0,605,1,603
786652,1338,1051,287,0,287,1,286
786653,1338,892,446,0,446,1,445
786654,1338,733,605,0,605,1,604
786655,1338,733,605,0,605,1,604
786656,1338,892,446,159,287,1,286
786657,1338,892,446,0,446,1,445
786658,1338,1051,287,0,287,1,286
786659,1338,733,605,0,605,1,604
786660,1338,1051,287,0,287,1,286
786661,1338,1051,287,0,287,1,286
786662,1338,733,605,0,605,1,604
786663,1338,733,605,318,287,1,286
786664,1338,892,446,159,287,1,286
786665,1338,733,605,0,605,1,604
786666,1338,1051,287,0,287,1,286
786667,1338,733,605,0,605,1,604
786668,1338,733,605,0,605,1,604
786669,1338,1051,287,0,287,1,286
786670,1338,1051,287,0,287,1,286
786671,1338,733,605,0,605,1,604
786672,1338,733,605,0,605,1,604
786673,1338,1051,287,0,287,1,286
786674,1338,892,446,0,446,1,445
786675,1338,733,605,0,605,1,604
786676,1338,1051,287,0,287,1,286
786677,1338,892,446,0,446,1,445
786678,1338,1051,287,0,287,1,286
786679,1338,892,446,159,287,1,286
786680,1338,892,446,159,287,1,272
786681,1338,733,605,0,605,1,604
786682,1338,1051,287,0,287,1,286
786683,1338,733,605,0,605,1,590
786684,1338,733,605,0,605,1,590
786685,1338,1051,287,0,287,1,286
786686,1338,892,446,0,446,1,445
786687,1338,733,605,318,287,1,286
786688,1338,892,446,159,287,1,273
786689,1338,733,605,0,605,1,604
786690,1338,1051,287,0,287,1,272
786691,1338,733,605,0,605,1,604
786692,1338,733,605,0,605,1,604
786693,1338,733,605,0,605,1,604
786694,1338,1051,287,0,287,1,286
786695,1338,733,605,0,605,1,604
786696,1338,733,605,0,605,1,604
786697,1338,733,605,0,605,1,604
786698,1338,733,605,0,605,1,604
786699,1338,733,605,0,605,1,604
786700,1338,1051,287,0,287,1,286
786701,1338,1051,287,0,287,1,286
786702,1338,733,605,0,605,1,604
786703,1338,733,605,318,287,1,286
786704,1338,733,605,159,446,1,445
786705,1338,733,605,0,605,1,604
786706,1338,1051,287,0,287,1,286
786707,1338,733,605,0,605,1,604
786708,1338,1051,287,0,287,1,286
786709,1338,892,446,0,446,1,445
786710,1338,1051,287,0,287,1,286
786711,1338,733,605,0,605,1,604
786712,1338,733,605,0,605,1,604
786713,1338,1051,287,0,287,1,286
786714,1338,892,446,0,446,1,445
786715,1338,733,605,0,605,1,604
786716,1338,1051,287,0,287,1,286
786717,1338,733,605,0,605,1,604
786718,1338,733,605,0,605,1,604
786719,1338,733,605,318,287,1,286
786720,1338,892,446,159,287,1,286
786721,1338,733,605,0,605,1,590
786722,1338,1051,287,0,287,1,272
786723,1338,733,605,0,605,1,604
786724,1338,1051,287,0,287,1,286
786725,1338,733,605,0,605,1,604
786726,1338,733,605,0,605,1,590
786727,1338,733,605,318,287,1,286
786728,1338,892,446,159,287,1,286
786729,1338,892,446,0,446,1,432
786730,1338,1051,287,0,287,1,286
786731,1338,733,605,0,605,1,604
786732,1338,1051,287,0,287,1,286
786733,1338,892,446,0,446,1,445
786734,1338,733,605,0,605,1,604
786735,1338,733,605,0,605,1,604
786736,1338,733,605,0,605,1,604
786737,1338,1051,287,0,287,1,286
786738,1338,892,446,0,446,1,445
786739,1338,733,605,0,605,1,604
786740,1338,733,605,0,605,1,604
786741,1338,733,605,0,605,1,604
786742,1338,733,605,0,605,1,604
786743,1338,733,605,287,318,1,317
786744,1338,892,446,287,159,1,158
786745,1338,733,605,0,605,1,604
786746,1338,1051,287,0,287,1,255
786747,1338,733,605,0,605,1,604
786748,1338,1051,287,0,287,1,286
786749,1338,892,446,0,446,1,445
786750,1338,733,605,0,605,1,604
786751,1338,733,605,318,287,1,272
786752,1338,733,605,159,446,1,431
786753,1338,1051,287,0,287,1,286
786754,1338,1051,287,0,287,1,286
786755,1338,733,605,0,605,1,590
786756,1338,1051,287,0,287,1,272
786757,1338,733,605,0,605,1,597
786758,1338,1051,287,0,287,1,286
786759,1338,892,446,159,287,1,272
786760,1338,733,605,159,446,1,445
786761,1338,733,605,0,605,1,604
786762,1338,1051,287,0,287,1,286
786763,1338,733,605,0,605,1,604
786764,1338,1051,287,0,287,1,286
786765,1338,733,605,0,605,1,604
786766,1338,1051,287,0,287,1,286
786767,1338,733,605,0,605,1,604
786768,1338,733,605,0,605,1,604
786769,1338,733,605,0,605,1,604
786770,1338,733,605,0,605,1,604
786771,1338,733,605,0,605,1,604
786772,1338,1051,287,0,287,1,286
786773,1338,733,605,0,605,1,604
786774,1338,1051,287,0,287,1,286
786775,1338,892,446,159,287,1,286
786776,1338,733,605,159,446,1,445
786777,1338,1051,287,0,287,1,286
786778,1338,1051,287,0,287,1,286
786779,1338,733,605,0,605,1,604
786780,1338,1051,287,0,287,1,286
786781,1338,1051,287,0,287,1,286
786782,1338,733,605,0,605,1,604
786783,1338,733,605,0,605,1,604
786784,1338,733,605,0,605,1,604
786785,1338,733,605,0,605,1,604
786786,1338,1051,287,0,287,1,286
786787,1338,733,605,0,605,1,604
786788,1338,1051,287,0,287,1,286
786789,1338,892,446,0,446,1,445
786790,1338,733,605,0,605,1,604
786791,1338,733,605,318,287,1,286
786792,1338,733,605,159,446,1,445
786793,1338,733,605,0,605,1,590
786794,1338,733,605,0,605,1,590
786795,1338,733,605,0,605,1,604
786796,1338,1051,287,0,287,1,286
786797,1338,1051,287,0,287,1,286
786798,1338,733,605,0,605,1,604
786799,1338,733,605,318,287,1,286
786800,1338,892,446,159,287,1,286
786801,1338,892,446,0,446,1,432
786802,1338,1051,287,0,287,1,286
786803,1338,733,605,0,605,1,604
786804,1338,733,605,0,605,1,604
786805,1338,1051,287,0,287,1,286
786806,1338,733,605,0,605,1,590
786807,1338,733,605,0,605,1,604
786808,1338,892,446,159,287,1,286
786809,1338,733,605,0,605,1,575
786810,1338,733,605,0,605,1,604
786811,1338,733,605,0,605,1,604
786812,1338,733,605,0,605,1,604
786813,1338,733,605,0,605,1,604
786814,1338,733,605,0,605,1,604
786815,1338,733,605,318,287,1,286
786816,1338,892,446,159,287,1,286
786817,1338,1051,287,0,287,1,286
786818,1338,892,446,0,446,1,417
786819,1338,733,605,0,605,1,604
786820,1338,1051,287,0,287,1,286
786821,1338,1051,287,0,287,1,286
786822,1338,733,605,0,605,1,604
786823,1338,733,605,0,605,1,604
786824,1338,733,605,0,605,1,604
786825,1338,1051,287,0,287,1,286
786826,1338,892,446,0,446,1,429
786827,1338,733,605,0,605,1,604
786828,1338,1051,287,0,287,1,286
786829,1338,892,446,0,446,1,445
786830,1338,733,605,0,605,1,604
786831,1338,733,605,318,287,1,286
786832,1338,733,605,159,446,1,445
786833,1338,1051,287,0,287,1,285
786834,1338,892,446,0,446,1,415
786835,1338,733,605,0,605,1,604
786836,1338,733,605,0,605,1,604
786837,1338,1051,287,0,287,1,286
786838,1338,733,605,0,605,1,604
786839,1338,733,605,318,287,1,286
786840,1338,733,605,159,446,1,432
786841,1338,1051,287,0,287,1,273
786842,1338,892,446,0,446,1,432
786843,1338,733,605,0,605,1,604
786844,1338,1051,287,0,287,1,286
786845,1338,892,446,0,446,1,432
786846,1338,733,605,0,605,1,591
786847,1338,733,605,0,605,1,604
786848,1338,892,446,159,287,1,286
786849,1338,892,446,0,446,1,431
786850,1338,1051,287,0,287,1,286
786851,1338,733,605,0,605,1,604
786852,1338,1051,287,0,287,1,286
786853,1338,733,605,0,605,1,604
786854,1338,733,605,0,605,1,604
786855,1338,733,605,318,287,1,286
786856,1338,733,605,159,446,1,445
786857,1338,733,605,0,605,1,604
786858,1338,733,605,0,605,1,604
786859,1338,733,605,0,605,1,604
786860,1338,733,605,0,605,1,604
786861,1338,1051,287,0,287,1,286
786862,1338,733,605,0,605,1,604
786863,1338,733,605,0,605,1,604
786864,1338,733,605,0,605,1,604
786865,1338,1051,287,0,287,1,286
786866,1338,892,446,0,446,1,445
786867,1338,733,605,0,605,1,604
786868,1338,1051,287,0,287,1,286
786869,1338,892,446,0,446,1,445
786870,1338,1051,287,0,287,1,286
786871,1338,892,446,159,287,1,286
786872,1338,892,446,159,287,1,286
786873,1338,892,446,0,446,1,445
786874,1338,733,605,0,605,1,604
786875,1338,733,605,0,605,1,604
786876,1338,1051,287,0,287,1,286
786877,1338,733,605,0,605,1,604
786878,1338,1051,287,0,287,1,286
786879,1338,892,446,159,287,1,273
786880,1338,733,605,159,446,1,445
786881,1338,1051,287,0,287,1,286
786882,1338,733,605,0,605,1,604
786883,1338,733,605,0,605,1,604
786884,1338,733,605,0,605,1,604
786885,1338,1051,287,0,287,1,286
786886,1338,733,605,0,605,1,604
786887,1338,733,605,0,605,1,604
786888,1338,733,605,0,605,1,604
786889,1338,733,605,0,605,1,604
786890,1338,1051,287,0,287,1,286
786891,1338,733,605,0,605,1,604
786892,1338,1051,287,0,287,1,286
786893,1338,892,446,0,446,1,445
786894,1338,1051,287,0,287,1,286
786895,1338,733,605,287,318,1,317
786896,1338,892,446,287,159,1,158
786897,1338,733,605,0,605,1,604
786898,1338,733,605,0,605,1,604
786899,1338,733,605,0,605,1,604
786900,1338,1051,287,0,287,1,286
786901,1338,733,605,0,605,1,604
786902,1338,1051,287,0,287,1,286
786903,1338,892,446,159,287,1,279
786904,1338,892,446,159,287,1,279
786905,1338,1051,287,0,287,1,279
786906,1338,733,605,0,605,1,597
786907,1338,1051,287,0,287,1,279
786908,1338,733,605,0,605,1,604
786909,1338,1051,287,0,287,1,279
786910,1338,892,446,0,446,1,438
786911,1338,733,605,318,287,1,286
786912,1338,733,605,159,446,1,438
786913,1338,1051,287,0,287,1,280
786914,1338,733,605,0,605,1,598
786915,1338,1051,287,0,287,1,286
786916,1338,733,605,0,605,1,604
786917,1338,1051,287,0,287,1,280
786918,1338,892,446,0,446,1,445
786919,1338,733,605,0,605,1,604
786920,1338,892,446,159,287,1,286
786921,1338,892,446,0,446,1,445
786922,1338,733,605,0,605,1,604
786923,1338,733,605,0,605,1,604
786924,1338,733,605,0,605,1,604
786925,1338,1051,287,0,287,1,286
786926,1338,733,605,0,605,1,604
786927,1338,733,605,318,287,1,286
786928,1338,892,446,159,287,1,286
786929,1338,733,605,0,605,1,590
786930,1338,1051,287,0,287,1,272
786931,1338,733,605,0,605,1,590
786932,1338,1051,287,0,287,1,286
786933,1338,733,605,0,605,1,604
786934,1338,1051,287,0,287,1,286
786935,1338,733,605,0,605,1,604
786936,1338,892,446,159,287,1,286
786937,1338,892,446,0,446,1,445
786938,1338,733,605,0,605,1,604
786939,1338,733,605,0,605,1,604
786940,1338,733,605,0,605,1,604
786941,1338,1051,287,0,287,1,286
786942,1338,892,446,0,446,1,445
786943,1338,733,605,318,287,1,279
786944,1338,892,446,159,287,1,286
786945,1338,1051,287,0,287,1,286
786946,1338,733,605,0,605,1,604
786947,1338,733,605,0,605,1,604
786948,1338,1051,287,0,287,1,286
786949,1338,733,605,0,605,1,604
786950,1338,733,605,0,605,1,598
786951,1338,733,605,318,287,1,286
786952,1338,892,446,159,287,1,286
786953,1338,1051,287,0,287,1,286
786954,1338,733,605,0,605,1,604
786955,1338,733,605,0,605,1,604
786956,1338,1051,287,0,287,1,286
786957,1338,733,605,0,605,1,604
786958,1338,1051,287,0,287,1,286
786959,1338,733,605,0,605,1,604
786960,1338,733,605,0,605,1,604
786961,1338,1051,287,0,287,1,286
786962,1338,1051,287,0,287,1,286
786963,1338,733,605,0,605,1,604
786964,1338,733,605,0,605,1,604
786965,1338,733,605,0,605,1,604
786966,1338,1051,287,0,287,1,286
786967,1338,892,446,159,287,1,286
786968,1338,733,605,159,446,1,445
786969,1338,733,605,0,605,1,604
786970,1338,1051,287,0,287,1,286
786971,1338,733,605,0,605,1,604
786972,1338,1051,287,0,287,1,286
786973,1338,733,605,0,605,1,604
786974,1338,1051,287,0,287,1,286
786975,1338,733,605,0,605,1,604
786976,1338,892,446,159,287,1,286
786977,1338,733,605,0,605,1,604
786978,1338,1051,287,0,287,1,286
786979,1338,733,605,0,605,1,604
786980,1338,733,605,0,605,1,604
786981,1338,1051,287,0,287,1,286
786982,1338,892,446,0,446,1,445
786983,1338,733,605,318,287,1,280
786984,1338,892,446,159,287,1,286
786985,1338,1051,287,0,287,1,286
786986,1338,733,605,0,605,1,604
786987,1338,733,605,0,605,1,604
786988,1338,1051,287,0,287,1,286
786989,1338,1051,287,0,287,1,286
786990,1338,733,605,0,605,1,604
786991,1338,733,605,318,287,1,286
786992,1338,733,605,159,446,1,445
786993,1338,1051,287,0,287,1,286
786994,1338,733,605,0,605,1,604
786995,1338,733,605,0,605,1,604
786996,1338,1051,287,0,287,1,286
786997,1338,892,446,0,446,1,445
786998,1338,733,605,0,605,1,604
786999,1338,733,605,0,605,1,604
787000,1338,733,605,0,605,1,604
787001,1338,1051,287,0,287,1,286
787002,1338,892,446,0,446,1,445
787003,1338,733,605,0,605,1,604
787004,1338,733,605,0,605,1,604
787005,1338,1051,287,0,287,1,286
787006,1338,1051,287,0,287,1,286
787007,1338,892,446,159,287,1,286
787008,1338,892,446,159,287,1,286
787009,1338,733,605,0,605,1,604
787010,1338,733,605,0,605,1,604
787011,1338,733,605,0,605,1,604
787012,1338,1051,287,0,287,1,286
787013,1338,1051,287,0,287,1,286
787014,1338,733,605,0,605,1,604
787015,1338,733,605,0,605,1,604
787016,1338,733,605,0,605,1,591
787017,1338,1051,287,0,287,1,286
787018,1338,1051,287,0,287,1,286
787019,1338,733,605,0,605,1,604
787020,1338,733,605,0,605,1,604
787021,1338,1051,287,0,287,1,286
787022,1338,1051,287,0,287,1,286
787023,1338,892,446,159,287,1,286
787024,1338,892,446,159,287,1,286
787025,1338,892,446,0,446,1,445
787026,1338,1051,287,0,287,1,286
787027,1338,733,605,0,605,1,604
787028,1338,1051,287,0,287,1,286
787029,1338,733,605,0,605,1,598
787030,1338,733,605,0,605,1,604
787031,1338,733,605,318,287,1,286
787032,1338,892,446,159,287,1,286
787033,1338,892,446,0,446,1,445
787034,1338,733,605,0,605,1,604
787035,1338,733,605,0,605,1,604
787036,1338,1051,287,0,287,1,286
787037,1338,733,605,0,605,1,604
787038,1338,733,605,0,605,1,604
787039,1338,733,605,0,605,1,604
787040,1338,733,605,0,605,1,604
787041,1338,733,605,0,605,1,604
787042,1338,1051,287,0,287,1,286
787043,1338,892,446,0,446,1,445
787044,1338,733,605,0,605,1,604
787045,1338,1051,287,0,287,1,286
787046,1338,892,446,0,446,1,445
787047,1338,733,605,287,318,1,317
787048,1338,892,446,287,159,1,158
787049,1338,733,605,0,605,1,604
787050,1338,1051,287,0,287,1,255
787051,1338,733,605,0,605,1,604
787052,1338,1051,287,0,287,1,286
787053,1338,892,446,0,446,1,445
787054,1338,733,605,0,605,1,604
787055,1338,733,605,318,287,1,272
787056,1338,733,605,159,446,1,431
787057,1338,1051,287,0,287,1,286
787058,1338,1051,287,0,287,1,286
787059,1338,733,605,0,605,1,590
787060,1338,1051,287,0,287,1,272
787061,1338,733,605,0,605,1,599
787062,1338,1051,287,0,287,1,286
787063,1338,892,446,159,287,1,273
787064,1338,733,605,159,446,1,445
787065,1338,733,605,0,605,1,604
787066,1338,1051,287,0,287,1,286
787067,1338,733,605,0,605,1,604
787068,1338,1051,287,0,287,1,286
787069,1338,733,605,0,605,1,604
787070,1338,1051,287,0,287,1,286
787071,1338,733,605,0,605,1,604
787072,1338,733,605,0,605,1,604
787073,1338,733,605,0,605,1,604
787074,1338,733,605,0,605,1,604
787075,1338,733,605,0,605,1,604
787076,1338,1051,287,0,287,1,286
787077,1338,733,605,0,605,1,604
787078,1338,1051,287,0,287,1,286
787079,1338,892,446,159,287,1,286
787080,1338,733,605,159,446,1,445
787081,1338,1051,287,0,287,1,286
787082,1338,1051,287,0,287,1,285
787083,1338,733,605,0,605,1,604
787084,1338,733,605,0,605,1,604
787085,1338,1051,287,0,287,1,286
787086,1338,733,605,0,605,1,604
787087,1338,733,605,0,605,1,604
787088,1338,733,605,0,605,1,604
787089,1338,733,605,0,605,1,604
787090,1338,1051,287,0,287,1,286
787091,1338,733,605,0,605,1,604
787092,1338,1051,287,0,287,1,286
787093,1338,892,446,0,446,1,445
787094,1338,733,605,0,605,1,604
787095,1338,733,605,318,287,1,286
787096,1338,733,605,159,446,1,445
787097,1338,733,605,0,605,1,590
787098,1338,733,605,0,605,1,590
787099,1338,733,605,0,605,1,604
787100,1338,1051,287,0,287,1,286
787101,1338,1051,287,0,287,1,286
787102,1338,733,605,0,605,1,604
787103,1338,733,605,318,287,1,286
787104,1338,892,446,159,287,1,286
787105,1338,1051,287,0,287,1,286
787106,1338,892,446,0,446,1,445
787107,1338,733,605,0,605,1,604
787108,1338,1051,287,0,287,1,286
787109,1338,1051,287,0,287,1,286
787110,1338,733,605,0,605,1,591
787111,1338,733,605,0,605,1,604
787112,1338,892,446,159,287,1,286
787113,1338,733,605,0,605,1,604
787114,1338,733,605,0,605,1,604
787115,1338,733,605,0,605,1,604
787116,1338,733,605,0,605,1,604
787117,1338,733,605,0,605,1,575
787118,1338,1051,287,0,287,1,286
787119,1338,892,446,159,287,1,286
787120,1338,892,446,159,287,1,286
787121,1338,1051,287,0,287,1,286
787122,1338,892,446,0,446,1,418
787123,1338,733,605,0,605,1,604
787124,1338,1051,287,0,287,1,286
787125,1338,1051,287,0,287,1,286
787126,1338,733,605,0,605,1,604
787127,1338,733,605,0,605,1,604
787128,1338,733,605,0,605,1,604
787129,1338,1051,287,0,287,1,286
787130,1338,892,446,0,446,1,445
787131,1338,733,605,0,605,1,604
787132,1338,1051,287,0,287,1,286
787133,1338,892,446,0,446,1,445
787134,1338,733,605,0,605,1,604
787135,1338,733,605,318,287,1,286
787136,1338,733,605,159,446,1,445
787137,1338,1051,287,0,287,1,285
787138,1338,892,446,0,446,1,415
787139,1338,733,605,0,605,1,604
787140,1338,733,605,0,605,1,604
787141,1338,1051,287,0,287,1,286
787142,1338,733,605,0,605,1,604
787143,1338,733,605,318,287,1,286
787144,1338,733,605,159,446,1,433
787145,1338,1051,287,0,287,1,274
787146,1338,892,446,0,446,1,433
787147,1338,733,605,0,605,1,604
787148,1338,1051,287,0,287,1,286
787149,1338,892,446,0,446,1,433
787150,1338,733,605,0,605,1,592
787151,1338,733,605,0,605,1,604
787152,1338,892,446,159,287,1,286
787153,1338,892,446,0,446,1,431
787154,1338,1051,287,0,287,1,286
787155,1338,733,605,0,605,1,604
787156,1338,1051,287,0,287,1,286
787157,1338,733,605,0,605,1,604
787158,1338,733,605,0,605,1,604
787159,1338,733,605,318,287,1,286
787160,1338,733,605,159,446,1,445
787161,1338,733,605,0,605,1,604
787162,1338,733,605,0,605,1,604
787163,1338,733,605,0,605,1,604
787164,1338,733,605,0,605,1,604
787165,1338,1051,287,0,287,1,286
787166,1338,733,605,0,605,1,604
787167,1338,733,605,0,605,1,604
787168,1338,733,605,0,605,1,604
787169,1338,1051,287,0,287,1,286
787170,1338,892,446,0,446,1,445
787171,1338,733,605,0,605,1,604
787172,1338,1051,287,0,287,1,286
787173,1338,892,446,0,446,1,445
787174,1338,1051,287,0,287,1,286
787175,1338,892,446,159,287,1,286
787176,1338,892,446,159,287,1,286
787177,1338,892,446,0,446,1,445
787178,1338,733,605,0,605,1,604
787179,1338,733,605,0,605,1,604
787180,1338,1051,287,0,287,1,286
787181,1338,733,605,0,605,1,604
787182,1338,1051,287,0,287,1,286
787183,1338,892,446,159,287,1,274
787184,1338,733,605,159,446,1,445
787185,1338,1051,287,0,287,1,286
787186,1338,733,605,0,605,1,604
787187,1338,733,605,0,605,1,604
787188,1338,733,605,0,605,1,604
787189,1338,1051,287,0,287,1,286
787190,1338,733,605,0,605,1,604
787191,1338,733,605,0,605,1,604
787192,1338,733,605,0,605,1,604
787193,1338,733,605,0,605,1,604
787194,1338,1051,287,0,287,1,286
787195,1338,733,605,0,605,1,604
787196,1338,1051,287,0,287,1,286
787197,1338,892,446,0,446,1,445
787198,1338,1051,287,0,287,1,286
787199,1338,733,605,287,318,1,317
787200,1338,892,446,287,159,1,158
787201,1338,733,605,0,605,1,604
787202,1338,733,605,0,605,1,604
787203,1338,733,605,0,605,1,604
787204,1338,733,605,0,605,1,604
787205,1338,1051,287,0,287,1,286
787206,1338,1051,287,0,287,1,286
787207,1338,892,446,159,287,1,278
787208,1338,892,446,159,287,1,276
787209,1338,892,446,0,446,1,435
787210,1338,733,605,0,605,1,600
787211,1338,733,605,0,605,1,594
787212,1338,1051,287,0,287,1,282
787213,1338,1051,287,0,287,1,282
787214,1338,733,605,0,605,1,594
787215,1338,733,605,318,287,1,286
787216,1338,892,446,159,287,1,272
787217,1338,892,446,0,446,1,445
787218,1338,1051,287,0,287,1,286
787219,1338,733,605,0,605,1,604
787220,1338,1051,287,0,287,1,286
787221,1338,1051,287,0,287,1,286
787222,1338,733,605,0,605,1,604
787223,1338,733,605,0,605,1,604
787224,1338,892,446,159,287,1,286
787225,1338,892,446,0,446,1,445
787226,1338,733,605,0,605,1,604
787227,1338,733,605,0,605,1,604
787228,1338,1051,287,0,287,1,286
787229,1338,733,605,0,605,1,604
787230,1338,1051,287,0,287,1,286
787231,1338,892,446,159,287,1,286
787232,1338,892,446,159,287,1,286
787233,1338,892,446,0,446,1,445
787234,1338,1051,287,0,287,1,286
787235,1338,733,605,0,605,1,604
787236,1338,733,605,0,605,1,604
787237,1338,733,605,0,605,1,604
787238,1338,1051,287,0,287,1,286
787239,1338,733,605,0,605,1,604
787240,1338,892,446,159,287,1,285
787241,1338,733,605,0,605,1,604
787242,1338,1051,287,0,287,1,286
787243,1338,733,605,0,605,1,604
787244,1338,1051,287,0,287,1,286
787245,1338,733,605,0,605,1,604
787246,1338,733,605,0,605,1,604
787247,1338,733,605,318,287,1,277
787248,1338,733,605,159,446,1,435
787249,1338,1051,287,0,287,1,286
787250,1338,892,446,0,446,1,445
787251,1338,733,605,0,605,1,604
787252,1338,1051,287,0,287,1,286
787253,1338,1051,287,0,287,1,286
787254,1338,733,605,0,605,1,604
787255,1338,733,605,318,287,1,273
787256,1338,733,605,159,446,1,445
787257,1338,1051,287,0,287,1,286
787258,1338,1051,287,0,287,1,286
787259,1338,733,605,0,605,1,603
787260,1338,1051,287,0,287,1,286
787261,1338,892,446,0,446,1,445
787262,1338,733,605,0,605,1,604
787263,1338,733,605,0,605,1,604
787264,1338,892,446,159,287,1,286
787265,1338,892,446,0,446,1,438
787266,1338,1051,287,0,287,1,286
787267,1338,733,605,0,605,1,598
787268,1338,733,605,0,605,1,604
787269,1338,1051,287,0,287,1,286
787270,1338,733,605,0,605,1,604
787271,1338,733,605,318,287,1,286
787272,1338,892,446,159,287,1,286
787273,1338,733,605,0,605,1,604
787274,1338,1051,287,0,287,1,286
787275,1338,733,605,0,605,1,604
787276,1338,733,605,0,605,1,604
787277,1338,1051,287,0,287,1,281
787278,1338,1051,287,0,287,1,286
787279,1338,733,605,0,605,1,604
787280,1338,733,605,0,605,1,604
787281,1338,1051,287,0,287,1,286
787282,1338,892,446,0,446,1,445
787283,1338,733,605,0,605,1,604
787284,1338,1051,287,0,287,1,286
787285,1338,892,446,0,446,1,445
787286,1338,1051,287,0,287,1,286
787287,1338,892,446,159,287,1,286
787288,1338,892,446,159,287,1,277
787289,1338,733,605,0,605,1,604
787290,1338,1051,287,0,287,1,286
787291,1338,733,605,0,605,1,595
787292,1338,1051,287,0,287,1,282
787293,1338,1051,287,0,287,1,286
787294,1338,733,605,0,605,1,604
787295,1338,733,605,318,287,1,286
787296,1338,892,446,159,287,1,273
787297,1338,733,605,0,605,1,604
787298,1338,1051,287,0,287,1,272
787299,1338,733,605,0,605,1,604
787300,1338,733,605,0,605,1,604
787301,1338,733,605,0,605,1,604
787302,1338,1051,287,0,287,1,286
787303,1338,733,605,0,605,1,604
787304,1338,733,605,0,605,1,604
787305,1338,733,605,0,605,1,604
787306,1338,733,605,0,605,1,598
787307,1338,733,605,0,605,1,604
787308,1338,1051,287,0,287,1,286
787309,1338,1051,287,0,287,1,286
787310,1338,733,605,0,605,1,604
787311,1338,733,605,318,287,1,286
787312,1338,733,605,159,446,1,445
787313,1338,733,605,0,605,1,604
787314,1338,1051,287,0,287,1,286
787315,1338,733,605,0,605,1,604
787316,1338,1051,287,0,287,1,286
787317,1338,892,446,0,446,1,445
787318,1338,1051,287,0,287,1,286
787319,1338,733,605,0,605,1,604
787320,1338,733,605,0,605,1,604
787321,1338,1051,287,0,287,1,286
787322,1338,892,446,0,446,1,445
787323,1338,733,605,0,605,1,604
787324,1338,1051,287,0,287,1,286
787325,1338,733,605,0,605,1,604
787326,1338,733,605,0,605,1,604
787327,1338,733,605,318,287,1,286
787328,1338,892,446,159,287,1,286
787329,1338,733,605,0,605,1,595
787330,1338,1051,287,0,287,1,277
787331,1338,733,605,0,605,1,604
787332,1338,1051,287,0,287,1,286
787333,1338,733,605,0,605,1,600
787334,1338,733,605,0,605,1,600
787335,1338,733,605,318,287,1,286
787336,1338,892,446,159,287,1,286
787337,1338,892,446,0,446,1,432
787338,1338,1051,287,0,287,1,286
787339,1338,733,605,0,605,1,604
787340,1338,1051,287,0,287,1,286
787341,1338,892,446,0,446,1,445
787342,1338,733,605,0,605,1,604
787343,1338,733,605,0,605,1,604
787344,1338,733,605,0,605,1,597
787345,1338,1051,287,0,287,1,286
787346,1338,892,446,0,446,1,445
787347,1338,733,605,0,605,1,604
787348,1338,733,605,0,605,1,604
787349,1338,733,605,0,605,1,598
787350,1338,733,605,0,605,1,604
787351,1338,733,605,287,318,1,317
787352,1338,892,446,287,159,1,158
787353,1338,733,605,0,605,1,589
787354,1338,733,605,0,605,1,589
787355,1338,733,605,0,605,1,604
787356,1338,733,605,0,605,1,589
787357,1338,733,605,0,605,1,589
787358,1338,1051,287,0,287,1,286
787359,1338,892,446,159,287,1,279
787360,1338,892,446,159,287,1,286
787361,1338,1051,287,0,287,1,279
787362,1338,733,605,0,605,1,604
787363,1338,733,605,0,605,1,604
787364,1338,733,605,0,605,1,597
787365,1338,1051,287,0,287,1,279
787366,1338,1051,287,0,287,1,279
787367,1338,892,446,159,287,1,280
787368,1338,892,446,159,287,1,286
787369,1338,1051,287,0,287,1,280
787370,1338,733,605,0,605,1,604
787371,1338,733,605,0,605,1,604
787372,1338,733,605,0,605,1,598
787373,1338,1051,287,0,287,1,280
787374,1338,1051,287,0,287,1,286
787375,1338,733,605,0,605,1,604
787376,1338,733,605,0,605,1,583
787377,1338,733,605,0,605,1,604
787378,1338,1051,287,0,287,1,286
787379,1338,733,605,0,605,1,604
787380,1338,1051,287,0,287,1,286
787381,1338,733,605,0,605,1,604
787382,1338,733,605,0,605,1,604
787383,1338,733,605,318,287,1,286
787384,1338,733,605,159,446,1,445
787385,1338,1051,287,0,287,1,272
787386,1338,892,446,0,446,1,445
787387,1338,733,605,0,605,1,604
787388,1338,733,605,0,605,1,590
787389,1338,1051,287,0,287,1,286
787390,1338,733,605,0,605,1,604
787391,1338,733,605,0,605,1,604
787392,1338,892,446,159,287,1,286
787393,1338,733,605,0,605,1,604
787394,1338,733,605,0,605,1,604
787395,1338,733,605,0,605,1,590
787396,1338,1051,287,0,287,1,286
787397,1338,892,446,0,446,1,445
787398,1338,733,605,0,605,1,590
787399,1338,733,605,318,287,1,280
787400,1338,892,446,159,287,1,286
787401,1338,733,605,0,605,1,604
787402,1338,733,605,0,605,1,604
787403,1338,733,605,0,605,1,604
787404,1338,1051,287,0,287,1,281
787405,1338,1051,287,0,287,1,286
787406,1338,733,605,0,605,1,604
787407,1338,733,605,318,287,1,281
787408,1338,733,605,159,446,1,440
787409,1338,1051,287,0,287,1,281
787410,1338,892,446,0,446,1,445
787411,1338,733,605,0,605,1,604
787412,1338,1051,287,0,287,1,281
787413,1338,892,446,0,446,1,439
787414,1338,1051,287,0,287,1,286
787415,1338,733,605,0,605,1,604
787416,1338,892,446,159,287,1,286
787417,1338,1051,287,0,287,1,286
787418,1338,1051,287,0,287,1,286
787419,1338,733,605,0,605,1,604
787420,1338,1051,287,0,287,1,286
787421,1338,892,446,0,446,1,445
787422,1338,733,605,0,605,1,604
787423,1338,733,605,318,287,1,286
787424,1338,892,446,159,287,1,286
787425,1338,733,605,0,605,1,602
787426,1338,733,605,0,605,1,604
787427,1338,733,605,0,605,1,603
787428,1338,1051,287,0,287,1,286
787429,1338,733,605,0,605,1,604
787430,1338,733,605,0,605,1,604
787431,1338,733,605,0,605,1,604
787432,1338,733,605,0,605,1,590
787433,1338,733,605,0,605,1,604
787434,1338,1051,287,0,287,1,286
787435,1338,733,605,0,605,1,604
787436,1338,1051,287,0,287,1,286
787437,1338,733,605,0,605,1,604
787438,1338,733,605,0,605,1,604
787439,1338,733,605,318,287,1,286
787440,1338,733,605,159,446,1,445
787441,1338,1051,287,0,287,1,286
787442,1338,733,605,0,605,1,604
787443,1338,1051,287,0,287,1,286
787444,1338,733,605,0,605,1,598
787445,1338,1051,287,0,287,1,286
787446,1338,733,605,0,605,1,604
787447,1338,733,605,318,287,1,286
787448,1338,733,605,159,446,1,445
787449,1338,1051,287,0,287,1,286
787450,1338,733,605,0,605,1,599
787451,1338,733,605,0,605,1,604
787452,1338,1051,287,0,287,1,286
787453,1338,733,605,0,605,1,604
787454,892,574,318,0,318,1,317
787455,446,287,159,0,159,1,158
787457,128,0,128,0,128,1,127
787458,128,0,128,0,128,1,127
787459,128,0,128,0,128,1,127
787460,128,0,128,0,128,1,127
787461,128,0,128,0,128,1,127
787462,128,0,128,0,128,1,127
787463,128,0,128,0,128,1,127
787464,128,0,128,0,128,1,127
787465,128,0,128,0,128,1,127
787466,128,0,128,0,128,1,127
787467,128,0,128,0,128,1,127
787468,128,0,128,0,128,1,127
787469,128,0,128,0,128,1,127
787470,128,0,128,0,128,1,127
787471,128,0,128,0,128,1,127
787472,128,0,128,0,128,1,127
787473,128,0,128,0,128,1,127
787474,128,0,128,0,128,1,127
787475,128,0,128,0,128,1,127
787476,128,0,128,0,128,1,127
787477,128,0,128,0,128,1,127
787478,128,0,128,0,128,1,127
787479,128,0,128,0,128,1,127
787480,128,0,128,0,128,1,127
787481,128,0,128,0,128,1,127
787482,128,0,128,0,128,1,127
787483,128,0,128,0,128,1,127
787484,128,0,128,0,128,1,127
787485,128,0,128,0,128,1,127
787486,128,0,128,0,128,1,127
787487,128,0,128,0,128,1,127
787488,128,0,128,0,128,1,127
787489,128,0,128,0,128,1,127
787490,128,0,128,0,128,1,127
787491,128,0,128,0,128,1,127
787492,128,0,128,0,128,1,127
787493,128,0,128,0,128,1,127
787494,128,0,128,0,128,1,127
787495,128,0,128,0,128,1,127
787496,128,0,128,0,128,1,127
787497,128,0,128,0,128,1,127
787498,128,0,128,0,128,1,127
787499,128,0,128,0,128,1,127
787500,128,0,128,0,128,1,127
787501,128,0,128,0,128,1,127
787502,128,0,128,0,128,1,127
787503,128,0,128,0,128,1,127
787504,128,0,128,0,128,1,127
787505,128,0,128,0,128,1,127
787506,128,0,128,0,128,1,127
787507,128,0,128,0,128,1,127
787508,128,0,128,0,128,1,127
787509,128,0,128,0,128,1,127
787510,128,0,128,0,128,1,127
787511,128,0,128,0,128,1,127
787512,128,0,128,0,128,1,127
787513,128,0,128,0,128,1,127
787514,128,0,128,0,128,1,127
787515,128,0,128,0,128,1,127
787516,128,0,128,0,128,1,127
787517,128,0,128,0,128,1,127
787518,128,0,128,0,128,1,127
787519,128,0,128,0,128,1,127
787520,128,0,128,0,128,1,127
787521,128,0,128,0,128,1,127
787522,128,0,128,0,128,1,127
787523,128,0,128,0,128,1,127
787524,128,0,128,0,128,1,127
787525,128,0,128,0,128,1,127
787526,128,0,128,0,128,1,127
787527,128,0,128,0,128,1,127
787528,128,0,128,0,128,1,127
787529,128,0,128,0,128,1,127
787530,128,0,128,0,128,1,127
787531,128,0,128,0,128,1,127
787532,128,0,128,0,128,1,127
787533,128,0,128,0,128,1,127
787534,128,0,128,0,128,1,127
787535,128,0,128,0,128,1,127
787536,128,0,128,0,128,1,127
787537,128,0,128,0,128,1,127
787538,128,0,128,0,128,1,127
787539,128,0,128,0,128,1,127
787540,128,0,128,0,128,1,127
787541,128,0,128,0,128,1,127
787542,128,0,128,0,128,1,127
787543,128,0,128,0,128,1,127
787544,128,0,128,0,128,1,127
787545,128,0,128,0,128,1,127
787546,128,0,128,0,128,1,127
787547,128,0,128,0,128,1,127
787548,128,0,128,0,128,1,127
787549,128,0,128,0,128,1,127
787550,128,0,128,0,128,1,127
787551,128,0,128,0,128,1,127
787552,128,0,128,0,128,1,127
787553,128,0,128,0,128,1,127
787554,128,0,128,0,128,1,127
787555,128,0,128,0,128,1,127
787556,128,0,128,0,128,1,127
787557,128,0,128,0,128,1,127
787558,128,0,128,0,128,1,127
787559,128,0,128,0,128,1,127
787560,128,0,128,0,128,1,127
787561,128,0,128,0,128,1,127
787562,128,0,128,0,128,1,127
787563,128,0,128,0,128,1,127
787564,128,0,128,0,128,1,127
787565,128,0,128,0,128,1,127
787566,128,0,128,0,128,1,127
787567,128,0,128,0,128,1,127
787568,128,0,128,0,128,1,127
787569,128,0,128,0,128,1,127
787570,128,0,128,0,128,1,127
787571,128,0,128,0,128,1,127
787572,128,0,128,0,128,1,127
787573,128,0,128,0,128,1,127
787574,128,0,128,0,128,1,127
787575,128,0,128,0,128,1,127
787576,128,0,128,0,128,1,127
787577,128,0,128,0,128,1,127
787578,128,0,128,0,128,1,127
787579,128,0,128,0,128,1,127
787580,128,0,128,0,128,1,127
787581,128,0,128,0,128,1,127
787582,128,0,128,0,128,1,127
787583,128,0,128,0,128,1,127
787584,128,0,128,0,128,1,127
787585,128,0,128,0,128,1,127
787586,128,0,128,0,128,1,127
787587,128,0,128,0,128,1,127
787588,128,0,128,0,128,1,127
787589,128,0,128,0,128,1,127
787590,128,0,128,0,128,1,127
787591,128,0,128,0,128,1,127
787592,128,0,128,0,128,1,127
787593,128,0,128,0,128,1,127
787594,128,0,128,0,128,1,127
787595,128,0,128,0,128,1,127
787596,128,0,128,0,128,1,127
787597,128,0,128,0,128,1,127
787598,128,0,128,0,128,1,127
787599,128,0,128,0,128,1,127
787600,128,0,128,0,128,1,127
787601,128,0,128,0,128,1,127
787602,128,0,128,0,128,1,127
787603,128,0,128,0,128,1,127
787604,128,0,128,0,128,1,127
787605,128,0,128,0,128,1,127
787606,128,0,128,0,128,1,127
787607,128,0,128,0,128,1,127
787608,128,0,128,0,128,1,127
787609,128,0,128,0,128,1,127
787610,128,0,128,0,128,1,127
787611,128,0,128,0,128,1,127
787612,128,0,128,0,128,1,127
787613,128,0,128,0,128,1,127
787614,128,0,128,0,128,1,127
787615,128,0,128,0,128,1,127
787616,128,0,128,0,128,1,127
787617,128,0,128,0,128,1,127
787618,128,0,128,0,128,1,127
787619,128,0,128,0,128,1,127
787620,128,0,128,0,128,1,127
787621,128,0,128,0,128,1,127
787622,128,0,128,0,128,1,127
787623,128,0,128,0,128,1,127
787624,128,0,128,0,128,1,127
787625,128,0,128,0,128,1,127
787626,128,0,128,0,128,1,127
787627,128,0,128,0,128,1,127
787628,128,0,128,0,128,1,127
787629,128,0,128,0,128,1,127
787630,128,0,128,0,128,1,127
787631,128,0,128,0,128,1,127
787632,128,0,128,0,128,1,127
787633,128,0,128,0,128,1,127
787634,128,0,128,0,128,1,127
787635,128,0,128,0,128,1,127
787636,128,0,128,0,128,1,127
787637,128,0,128,0,128,1,127
787638,128,0,128,0,128,1,127
787639,128,0,128,0,128,1,127
787640,128,0,128,0,128,1,127
787641,128,0,128,0,128,1,127
787642,128,0,128,0,128,1,127
787643,128,0,128,0,128,1,127
787644,128,0,128,0,128,1,127
787645,128,0,128,0,128,1,127
787646,128,0,128,0,128,1,127
787647,128,0,128,0,128,1,127
787648,128,0,128,0,128,1,127
787649,128,0,128,0,128,1,127
787650,128,0,128,0,128,1,127
787651,128,0,128,0,128,1,127
787652,128,0,128,0,128,1,127
787653,128,0,128,0,128,1,127
787654,128,0,128,0,128,1,127
787655,128,0,128,0,128,1,127
787656,128,0,128,0,128,1,127
787657,128,0,128,0,128,1,127
787658,128,0,128,0,128,1,127
787659,128,0,128,0,128,1,127
787660,128,0,128,0,128,1,127
787661,128,0,128,0,128,1,127
787662,128,0,128,0,128,1,127
787663,128,0,128,0,128,1,127
787664,128,0,128,0,128,1,127
787665,128,0,128,0,128,1,127
787666,128,0,128,0,128,1,127
787667,128,0,128,0,128,1,127
787668,128,0,128,0,128,1,127
787669,128,0,128,0,128,1,127
787670,128,0,128,0,128,1,127
787671,128,0,128,0,128,1,127
787672,128,0,128,0,128,1,127
787673,128,0,128,0,128,1,127
787674,128,0,128,0,128,1,127
787675,128,0,128,0,128,1,127
787676,128,0,128,0,128,1,127
787677,128,0,128,0,128,1,127
787678,128,0,128,0,128,1,127
787679,128,0,128,0,128,1,127
787680,128,0,128,0,128,1,127
787681,128,0,128,0,128,1,127
787682,128,0,128,0,128,1,127
787683,128,0,128,0,128,1,127
787684,128,0,128,0,128,1,127
787685,128,0,128,0,128,1,127
787686,128,0,128,0,128,1,127
787687,128,0,128,0,128,1,127
787688,128,0,128,0,128,1,127
787689,128,0,128,0,128,1,127
787690,128,0,128,0,128,1,127
787691,128,0,128,0,128,1,127
787692,128,0,128,0,128,1,127
787693,128,0,128,0,128,1,127
787694,128,0,128,0,128,1,127
787695,128,0,128,0,128,1,127
787696,128,0,128,0,128,1,127
787697,128,0,128,0,128,1,127
787698,128,0,128,0,128,1,127
787699,128,0,128,0,128,1,127
787700,128,0,128,0,128,1,127
787701,128,0,128,0,128,1,127
787702,128,0,128,0,128,1,127
787703,128,0,128,0,128,1,127
787704,128,0,128,0,128,1,127
787705,128,0,128,0,128,1,127
787706,128,0,128,0,128,1,127
787707,128,0,128,0,128,1,127
787708,128,0,128,0,128,1,127
787709,128,0,128,0,128,1,127
787710,128,0,128,0,128,1,127
787711,128,0,128,0,128,1,127
787712,128,0,128,0,128,1,127
787713,128,0,128,0,128,1,127
787714,128,0,128,0,128,1,127
787715,128,0,128,0,128,1,127
787716,128,0,128,0,128,1,127
787717,128,0,128,0,128,1,127
787718,128,0,128,0,128,1,127
787719,128,0,128,0,128,1,127
787720,128,0,128,0,128,1,127
787721,128,0,128,0,128,1,127
787722,128,0,128,0,128,1,127
787723,128,0,128,0,128,1,127
787724,128,0,128,0,128,1,127
787725,128,0,128,0,128,1,127
787726,128,0,128,0,128,1,127
787727,128,0,128,0,128,1,127
787728,128,0,128,0,128,1,127
787729,128,0,128,0,128,1,127
787730,128,0,128,0,128,1,127
787731,128,0,128,0,128,1,127
787732,128,0,128,0,128,1,127
787733,128,0,128,0,128,1,127
787734,128,0,128,0,128,1,127
787735,128,0,128,0,128,1,127
787736,128,0,128,0,128,1,127
787737,128,0,128,0,128,1,127
787738,128,0,128,0,128,1,127
787739,128,0,128,0,128,1,127
787740,128,0,128,0,128,1,127
787741,128,0,128,0,128,1,127
787742,128,0,128,0,128,1,127
787743,128,0,128,0,128,1,127
787744,128,0,128,0,128,1,127
787745,128,0,128,0,128,1,127
787746,128,0,128,0,128,1,127
787747,128,0,128,0,128,1,127
787748,128,0,128,0,128,1,127
787749,128,0,128,0,128,1,127
787750,128,0,128,0,128,1,127
787751,128,0,128,0,128,1,127
787752,128,0,128,0,128,1,127
787753,128,0,128,0,128,1,127
787754,128,0,128,0,128,1,127
787755,128,0,128,0,128,1,127
787756,128,0,128,0,128,1,127
787757,128,0,128,0,128,1,127
787758,128,0,128,0,128,1,127
787759,128,0,128,0,128,1,127
787760,128,0,128,0,128,1,127
787761,128,0,128,0,128,1,127
787762,128,0,128,0,128,1,127
787763,128,0,128,0,128,1,127
787764,128,0,128,0,128,1,127
787765,128,0,128,0,128,1,127
787766,128,0,128,0,128,1,127
787767,128,0,128,0,128,1,127
787768,128,0,128,0,128,1,127
787769,128,0,128,0,128,1,127
787770,128,0,128,0,128,1,127
787771,128,0,128,0,128,1,127
787772,128,0,128,0,128,1,127
787773,128,0,128,0,128,1,127
787774,128,0,128,0,128,1,127
787775,128,0,128,0,128,1,127
787776,128,0,128,0,128,1,127
787777,128,0,128,0,128,1,127
787778,128,0,128,0,128,1,127
787779,128,0,128,0,128,1,127
787780,128,0,128,0,128,1,127
787781,128,0,128,0,128,1,127
787782,128,0,128,0,128,1,127
787783,128,0,128,0,128,1,127
787784,128,0,128,0,128,1,127
787785,128,0,128,0,128,1,127
787786,128,0,128,0,128,1,127
787787,128,0,128,0,128,1,127
787788,128,0,128,0,128,1,127
787789,128,0,128,0,128,1,127
787790,128,0,128,0,128,1,127
787791,128,0,128,0,128,1,127
787792,128,0,128,0,128,1,127
787793,128,0,128,0,128,1,127
787794,128,0,128,0,128,1,127
787795,128,0,128,0,128,1,127
787796,128,0,128,0,128,1,127
787797,128,0,128,0,128,1,127
787798,128,0,128,0,128,1,127
787799,128,0,128,0,128,1,127
787800,128,0,128,0,128,1,127
787801,128,0,128,0,128,1,127
787802,128,0,128,0,128,1,127
787803,128,0,128,0,128,1,127
787804,128,0,128,0,128,1,127
787805,128,0,128,0,128,1,127
787806,128,0,128,0,128,1,127
787807,128,0,128,0,128,1,127
787808,128,0,128,0,128,1,127
787809,128,0,128,0,128,1,127
787810,128,0,128,0,128,1,127
787811,128,0,128,0,128,1,127
787812,128,0,128,0,128,1,127
787813,128,0,128,0,128,1,127
787814,128,0,128,0,128,1,127
787815,128,0,128,0,128,1,127
787816,128,0,128,0,128,1,127
787817,128,0,128,0,128,1,127
787818,128,0,128,0,128,1,127
787819,128,0,128,0,128,1,127
787820,128,0,128,0,128,1,127
787821,128,0,128,0,128,1,127
787822,128,0,128,0,128,1,127
787823,128,0,128,0,128,1,127
787824,128,0,128,0,128,1,127
787825,128,0,128,0,128,1,127
787826,128,0,128,0,128,1,127
787827,128,0,128,0,128,1,127
787828,128,0,128,0,128,1,127
787829,128,0,128,0,128,1,127
787830,128,0,128,0,128,1,127
787831,128,0,128,0,128,1,127
787832,128,0,128,0,128,1,127
787833,128,0,128,0,128,1,127
787834,128,0,128,0,128,1,127
787835,128,0,128,0,128,1,127
787836,128,0,128,0,128,1,127
787837,128,0,128,0,128,1,127
787838,128,0,128,0,128,1,127
787839,128,0,128,0,128,1,127
787840,128,0,128,0,128,1,127
787841,128,0,128,0,128,1,127
787842,128,0,128,0,128,1,127
787843,128,0,128,0,128,1,127
787844,128,0,128,0,128,1,127
787845,128,0,128,0,128,1,127
787846,128,0,128,0,128,1,127
787847,128,0,128,0,128,1,127
787848,128,0,128,0,128,1,127
787849,128,0,128,0,128,1,127
787850,128,0,128,0,128,1,127
787851,128,0,128,0,128,1,127
787852,128,0,128,0,128,1,127
787853,128,0,128,0,128,1,127
787854,128,0,128,0,128,1,127
787855,128,0,128,0,128,1,127
787856,128,0,128,0,128,1,127
787857,128,0,128,0,128,1,127
787858,128,0,128,0,128,1,127
787859,128,0,128,0,128,1,127
787860,128,0,128,0,128,1,127
787861,128,0,128,0,128,1,127
787862,128,0,128,0,128,1,127
787863,128,0,128,0,128,1,127
787864,128,0,128,0,128,1,127
787865,128,0,128,0,128,1,127
787866,128,0,128,0,128,1,127
787867,128,0,128,0,128,1,127
787868,128,0,128,0,128,1,127
787869,128,0,128,0,128,1,127
787870,128,0,128,0,128,1,127
787871,128,0,128,0,128,1,127
787872,128,0,128,0,128,1,127
787873,128,0,128,0,128,1,127
787874,128,0,128,0,128,1,127
787875,128,0,128,0,128,1,127
787876,128,0,128,0,128,1,127
787877,128,0,128,0,128,1,127
787878,128,0,128,0,128,1,127
787879,128,0,128,0,128,1,127
787880,128,0,128,0,128,1,127
787881,128,0,128,0,128,1,127
787882,128,0,128,0,128,1,127
787883,128,0,128,0,128,1,127
787884,128,0,128,0,128,1,127
787885,128,0,128,0,128,1,127
787886,128,0,128,0,128,1,127
787887,128,0,128,0,128,1,127
787888,128,0,128,0,128,1,127
787889,128,0,128,0,128,1,127
787890,128,0,128,0,128,1,127
787891,128,0,128,0,128,1,127
787892,128,0,128,0,128,1,127
787893,128,0,128,0,128,1,127
787894,128,0,128,0,128,1,127
787895,128,0,128,0,128,1,127
787896,128,0,128,0,128,1,127
787897,128,0,128,0,128,1,127
787898,128,0,128,0,128,1,127
787899,128,0,128,0,128,1,127
787900,128,0,128,0,128,1,127
787901,128,0,128,0,128,1,127
787902,128,0,128,0,128,1,127
787903,128,0,128,0,128,1,127
787904,128,0,128,0,128,1,127
787905,128,0,128,0,128,1,127
787906,128,0,128,0,128,1,127
787907,128,0,128,0,128,1,127
787908,128,0,128,0,128,1,127
787909,128,0,128,0,128,1,127
787910,128,0,128,0,128,1,127
787911,128,0,128,0,128,1,127
787912,128,0,128,0,128,1,127
787913,128,0,128,0,128,1,127
787914,128,0,128,0,128,1,127
787915,128,0,128,0,128,1,127
787916,128,0,128,0,128,1,127
787917,128,0,128,0,128,1,127
787918,128,0,128,0,128,1,127
787919,128,0,128,0,128,1,127
787920,128,0,128,0,128,1,127
787921,128,0,128,0,128,1,127
787922,128,0,128,0,128,1,127
787923,128,0,128,0,128,1,127
787924,128,0,128,0,128,1,127
787925,128,0,128,0,128,1,127
787926,128,0,128,0,128,1,127
787927,128,0,128,0,128,1,127
787928,128,0,128,0,128,1,127
787929,128,0,128,0,128,1,127
787930,128,0,128,0,128,1,127
787931,128,0,128,0,128,1,127
787932,128,0,128,0,128,1,127
787933,128,0,128,0,128,1,127
787934,128,0,128,0,128,1,127
787935,128,0,128,0,128,1,127
787936,128,0,128,0,128,1,127
787937,128,0,128,0,128,1,127
787938,128,0,128,0,128,1,127
787939,128,0,128,0,128,1,127
787940,128,0,128,0,128,1,127
787941,128,0,128,0,128,1,127
787942,128,0,128,0,128,1,127
787943,128,0,128,0,128,1,127
787944,128,0,128,0,128,1,127
787945,128,0,128,0,128,1,127
787946,128,0,128,0,128,1,127
787947,128,0,128,0,128,1,127
787948,128,0,128,0,128,1,127
787949,128,0,128,0,128,1,127
787950,128,0,128,0,128,1,127
787951,128,0,128,0,128,1,127
787952,128,0,128,0,128,1,127
787953,128,0,128,0,128,1,127
787954,128,0,128,0,128,1,127
787955,128,0,128,0,128,1,127
787956,128,0,128,0,128,1,127
787957,128,0,128,0,128,1,127
787958,128,0,128,0,128,1,127
787959,128,0,128,0,128,1,127
787960,128,0,128,0,128,1,127
787961,128,0,128,0,128,1,127
787962,128,0,128,0,128,1,127
787963,128,0,128,0,128,1,127
787964,128,0,128,0,128,1,127
787965,128,0,128,0,128,1,127
787966,128,0,128,0,128,1,127
787967,128,0,128,0,128,1,127
787968,128,0,128,0,128,1,127
787969,128,0,128,0,128,1,127
787970,128,0,128,0,128,1,127
787971,128,0,128,0,128,1,127
787972,128,0,128,0,128,1,127
787973,128,0,128,0,128,1,127
787974,128,0,128,0,128,1,127
787975,128,0,128,0,128,1,127
787976,128,0,128,0,128,1,127
787977,128,0,128,0,128,1,127
787978,128,0,128,0,128,1,127
787979,128,0,128,0,128,1,127
787980,128,0,128,0,128,1,127
787981,128,0,128,0,128,1,127
787982,128,0,128,0,128,1,127
787983,128,0,128,0,128,1,127
787984,128,0,128,0,128,1,127
787985,128,0,128,0,128,1,127
787986,128,0,128,0,128,1,127
787987,128,0,128,0,128,1,127
787988,128,0,128,0,128,1,127
787989,128,0,128,0,128,1,127
787990,128,0,128,0,128,1,127
787991,128,0,128,0,128,1,127
787992,128,0,128,0,128,1,127
787993,128,0,128,0,128,1,127
787994,128,0,128,0,128,1,127
787995,128,0,128,0,128,1,127
787996,128,0,128,0,128,1,127
787997,128,0,128,0,128,1,127
787998,128,0,128,0,128,1,127
787999,128,0,128,0,128,1,127
788000,128,0,128,0,128,1,127
788001,128,0,128,0,128,1,127
788002,128,0,128,0,128,1,127
788003,128,0,128,0,128,1,127
788004,128,0,128,0,128,1,127
788005,128,0,128,0,128,1,127
788006,128,0,128,0,128,1,127
788007,128,0,128,0,128,1,127
788008,128,0,128,0,128,1,127
788009,128,0,128,0,128,1,127
788010,128,0,128,0,128,1,127
788011,128,0,128,0,128,1,127
788012,128,0,128,0,128,1,127
788013,128,0,128,0,128,1,127
788014,128,0,128,0,128,1,127
788015,128,0,128,0,128,1,127
788016,128,0,128,0,128,1,127
788017,128,0,128,0,128,1,127
788018,128,0,128,0,128,1,127
788019,128,0,128,0,128,1,127
788020,128,0,128,0,128,1,127
788021,128,0,128,0,128,1,127
788022,128,0,128,0,128,1,127
788023,128,0,128,0,128,1,127
788024,128,0,128,0,128,1,127
788025,128,0,128,0,128,1,127
788026,128,0,128,0,128,1,127
788027,128,0,128,0,128,1,127
788028,128,0,128,0,128,1,127
788029,128,0,128,0,128,1,127
788030,128,0,128,0,128,1,127
788031,128,0,128,0,128,1,127
788032,128,0,128,0,128,1,127
788033,128,0,128,0,128,1,127
788034,128,0,128,0,128,1,127
788035,128,0,128,0,128,1,127
788036,128,0,128,0,128,1,127
788037,128,0,128,0,128,1,127
788038,128,0,128,0,128,1,127
788039,128,0,128,0,128,1,127
788040,128,0,128,0,128,1,127
788041,128,0,128,0,128,1,127
788042,128,0,128,0,128,1,127
788043,128,0,128,0,128,1,127
788044,128,0,128,0,128,1,127
788045,128,0,128,0,128,1,127
788046,128,0,128,0,128,1,127
788047,128,0,128,0,128,1,127
788048,128,0,128,0,128,1,127
788049,128,0,128,0,128,1,127
788050,128,0,128,0,128,1,127
788051,128,0,128,0,128,1,127
788052,128,0,128,0,128,1,127
788053,128,0,128,0,128,1,127
788054,128,0,128,0,128,1,127
788055,128,0,128,0,128,1,127
788056,128,0,128,0,128,1,127
788057,128,0,128,0,128,1,127
788058,128,0,128,0,128,1,127
788059,128,0,128,0,128,1,127
788060,128,0,128,0,128,1,127
788061,128,0,128,0,128,1,127
788062,128,0,128,0,128,1,127
788063,128,0,128,0,128,1,127
788064,128,0,128,0,128,1,127
788065,128,0,128,0,128,1,127
788066,128,0,128,0,128,1,127
788067,128,0,128,0,128,1,127
788068,128,0,128,0,128,1,127
788069,128,0,128,0,128,1,127
788070,128,0,128,0,128,1,127
788071,128,0,128,0,128,1,127
788072,128,0,128,0,128,1,127
788073,128,0,128,0,128,1,127
788074,128,0,128,0,128,1,127
788075,128,0,128,0,128,1,127
788076,128,0,128,0,128,1,127
788077,128,0,128,0,128,1,127
788078,128,0,128,0,128,1,127
788079,128,0,128,0,128,1,127
788080,128,0,128,0,128,1,127
788081,128,0,128,0,128,1,127
788082,128,0,128,0,128,1,127
788083,128,0,128,0,128,1,127
788084,128,0,128,0,128,1,127
788085,128,0,128,0,128,1,127
788086,128,0,128,0,128,1,127
788087,128,0,128,0,128,1,127
788088,128,0,128,0,128,1,127
788089,128,0,128,0,128,1,127
788090,128,0,128,0,128,1,127
788091,128,0,128,0,128,1,127
788092,128,0,128,0,128,1,127
788093,128,0,128,0,128,1,127
788094,128,0,128,0,128,1,127
788095,128,0,128,0,128,1,127
788096,128,0,128,0,128,1,127
788097,128,0,128,0,128,1,127
788098,128,0,128,0,128,1,127
788099,128,0,128,0,128,1,127
788100,128,0,128,0,128,1,127
788101,128,0,128,0,128,1,127
788102,128,0,128,0,128,1,127
788103,128,0,128,0,128,1,127
788104,128,0,128,0,128,1,127
788105,128,0,128,0,128,1,127
788106,128,0,128,0,128,1,127
788107,128,0,128,0,128,1,127
788108,128,0,128,0,128,1,127
788109,128,0,128,0,128,1,127
788110,128,0,128,0,128,1,127
788111,128,0,128,0,128,1,127
788112,128,0,128,0,128,1,127
788113,128,0,128,0,128,1,127
788114,128,0,128,0,128,1,127
788115,128,0,128,0,128,1,127
788116,128,0,128,0,128,1,127
788117,128,0,128,0,128,1,127
788118,128,0,128,0,128,1,127
788119,128,0,128,0,128,1,127
788120,128,0,128,0,128,1,127
788121,128,0,128,0,128,1,127
788122,128,0,128,0,128,1,127
788123,128,0,128,0,128,1,127
788124,128,0,128,0,128,1,127
788125,128,0,128,0,128,1,127
788126,128,0,128,0,128,1,127
788127,128,0,128,0,128,1,127
788128,128,0,128,0,128,1,127
788129,128,0,128,0,128,1,127
788130,128,0,128,0,128,1,127
788131,128,0,128,0,128,1,127
788132,128,0,128,0,128,1,127
788133,128,0,128,0,128,1,127
788134,128,0,128,0,128,1,127
788135,128,0,128,0,128,1,127
788136,128,0,128,0,128,1,127
788137,128,0,128,0,128,1,127
788138,128,0,128,0,128,1,127
788139,128,0,128,0,128,1,127
788140,128,0,128,0,128,1,127
788141,128,0,128,0,128,1,127
788142,128,0,128,0,128,1,127
788143,128,0,128,0,128,1,127
788144,128,0,128,0,128,1,127
788145,128,0,128,0,128,1,127
788146,128,0,128,0,128,1,127
788147,128,0,128,0,128,1,127
788148,128,0,128,0,128,1,127
788149,128,0,128,0,128,1,127
788150,128,0,128,0,128,1,127
788151,128,0,128,0,128,1,127
788152,128,0,128,0,128,1,127
788153,128,0,128,0,128,1,127
788154,128,0,128,0,128,1,127
788155,128,0,128,0,128,1,127
788156,128,0,128,0,128,1,127
788157,128,0,128,0,128,1,127
788158,128,0,128,0,128,1,127
788159,128,0,128,0,128,1,127
788160,128,0,128,0,128,1,127
788161,128,0,128,0,128,1,127
788162,128,0,128,0,128,1,127
788163,128,0,128,0,128,1,127
788164,128,0,128,0,128,1,127
788165,128,0,128,0,128,1,127
788166,128,0,128,0,128,1,127
788167,128,0,128,0,128,1,127
788168,128,0,128,0,128,1,127
788169,128,0,128,0,128,1,127
788170,128,0,128,0,128,1,127
788171,128,0,128,0,128,1,127
788172,128,0,128,0,128,1,127
788173,128,0,128,0,128,1,127
788174,128,0,128,0,128,1,127
788175,128,0,128,0,128,1,127
788176,128,0,128,0,128,1,127
788177,128,0,128,0,128,1,127
788178,128,0,128,0,128,1,127
788179,128,0,128,0,128,1,127
788180,128,0,128,0,128,1,127
788181,128,0,128,0,128,1,127
788182,128,0,128,0,128,1,127
788183,128,0,128,0,128,1,127
788184,128,0,128,0,128,1,127
788185,128,0,128,0,128,1,127
788186,128,0,128,0,128,1,127
788187,128,0,128,0,128,1,127
788188,128,0,128,0,128,1,127
788189,128,0,128,0,128,1,127
788190,128,0,128,0,128,1,127
788191,128,0,128,0,128,1,127
788192,128,0,128,0,128,1,127
788193,128,0,128,0,128,1,127
788194,128,0,128,0,128,1,127
788195,128,0,128,0,128,1,127
788196,128,0,128,0,128,1,127
788197,128,0,128,0,128,1,127
788198,128,0,128,0,128,1,127
788199,128,0,128,0,128,1,127
788200,128,0,128,0,128,1,127
788201,128,0,128,0,128,1,127
788202,128,0,128,0,128,1,127
788203,128,0,128,0,128,1,127
788204,128,0,128,0,128,1,127
788205,128,0,128,0,128,1,127
788206,128,0,128,0,128,1,127
788207,128,0,128,0,128,1,127
788208,128,0,128,0,128,1,127
788209,128,0,128,0,128,1,127
788210,128,0,128,0,128,1,127
788211,128,0,128,0,128,1,127
788212,128,0,128,0,128,1,127
788213,128,0,128,0,128,1,127
788214,128,0,128,0,128,1,127
788215,128,0,128,0,128,1,127
788216,128,0,128,0,128,1,127
788217,128,0,128,0,128,1,127
788218,128,0,128,0,128,1,127
788219,128,0,128,0,128,1,127
788220,128,0,128,0,128,1,127
788221,128,0,128,0,128,1,127
788222,128,0,128,0,128,1,127
788223,128,0,128,0,128,1,127
788224,128,0,128,0,128,1,127
788225,128,0,128,0,128,1,127
788226,128,0,128,0,128,1,127
788227,128,0,128,0,128,1,127
788228,128,0,128,0,128,1,127
788229,128,0,128,0,128,1,127
788230,128,0,128,0,128,1,127
788231,128,0,128,0,128,1,127
788232,128,0,128,0,128,1,127
788233,128,0,128,0,128,1,127
788234,128,0,128,0,128,1,127
788235,128,0,128,0,128,1,127
788236,128,0,128,0,128,1,127
788237,128,0,128,0,128,1,127
788238,128,0,128,0,128,1,127
788239,128,0,128,0,128,1,127
788240,128,0,128,0,128,1,127
788241,128,0,128,0,128,1,127
788242,128,0,128,0,128,1,127
788243,128,0,128,0,128,1,127
788244,128,0,128,0,128,1,127
788245,128,0,128,0,128,1,127
788246,128,0,128,0,128,1,127
788247,128,0,128,0,128,1,127
788248,128,0,128,0,128,1,127
788249,128,0,128,0,128,1,127
788250,128,0,128,0,128,1,127
788251,128,0,128,0,128,1,127
788252,128,0,128,0,128,1,127
788253,128,0,128,0,128,1,127
788254,128,0,128,0,128,1,127
788255,128,0,128,0,128,1,127
788256,128,0,128,0,128,1,127
788257,128,0,128,0,128,1,127
788258,128,0,128,0,128,1,127
788259,128,0,128,0,128,1,127
788260,128,0,128,0,128,1,127
788261,128,0,128,0,128,1,127
788262,128,0,128,0,128,1,127
788263,128,0,128,0,128,1,127
788264,128,0,128,0,128,1,127
788265,128,0,128,0,128,1,127
788266,128,0,128,0,128,1,127
788267,128,0,128,0,128,1,127
788268,128,0,128,0,128,1,127
788269,128,0,128,0,128,1,127
788270,128,0,128,0,128,1,127
788271,128,0,128,0,128,1,127
788272,128,0,128,0,128,1,127
788273,128,0,128,0,128,1,127
788274,128,0,128,0,128,1,127
788275,128,0,128,0,128,1,127
788276,128,0,128,0,128,1,127
788277,128,0,128,0,128,1,127
788278,128,0,128,0,128,1,127
788279,128,0,128,0,128,1,127
788280,128,0,128,0,128,1,127
788281,128,0,128,0,128,1,127
788282,128,0,128,0,128,1,127
788283,128,0,128,0,128,1,127
788284,128,0,128,0,128,1,127
788285,128,0,128,0,128,1,127
788286,128,0,128,0,128,1,127
788287,128,0,128,0,128,1,127
788288,128,0,128,0,128,1,127
788289,128,0,128,0,128,1,127
788290,128,0,128,0,128,1,127
788291,128,0,128,0,128,1,127
788292,128,0,128,0,128,1,127
788293,128,0,128,0,128,1,127
788294,128,0,128,0,128,1,127
788295,128,0,128,0,128,1,127
788296,128,0,128,0,128,1,127
788297,128,0,128,0,128,1,127
788298,128,0,128,0,128,1,127
788299,128,0,128,0,128,1,127
788300,128,0,128,0,128,1,127
788301,128,0,128,0,128,1,127
788302,128,0,128,0,128,1,127
788303,128,0,128,0,128,1,127
788304,128,0,128,0,128,1,127
788305,128,0,128,0,128,1,127
788306,128,0,128,0,128,1,127
788307,128,0,128,0,128,1,127
788308,128,0,128,0,128,1,127
788309,128,0,128,0,128,1,127
788310,128,0,128,0,128,1,127
788311,128,0,128,0,128,1,127
788312,128,0,128,0,128,1,127
788313,128,0,128,0,128,1,127
788314,128,0,128,0,128,1,127
788315,128,0,128,0,128,1,127
788316,128,0,128,0,128,1,127
788317,128,0,128,0,128,1,127
788318,128,0,128,0,128,1,127
788319,128,0,128,0,128,1,127
788320,128,0,128,0,128,1,127
788321,128,0,128,0,128,1,127
788322,128,0,128,0,128,1,127
788323,128,0,128,0,128,1,127
788324,128,0,128,0,128,1,127
788325,128,0,128,0,128,1,127
788326,128,0,128,0,128,1,127
788327,128,0,128,0,128,1,127
788328,128,0,128,0,128,1,127
788329,128,0,128,0,128,1,127
788330,128,0,128,0,128,1,127
788331,128,0,128,0,128,1,127
788332,128,0,128,0,128,1,127
788333,128,0,128,0,128,1,127
788334,128,0,128,0,128,1,127
788335,128,0,128,0,128,1,127
788336,128,0,128,0,128,1,127
788337,128,0,128,0,128,1,127
788338,128,0,128,0,128,1,127
788339,128,0,128,0,128,1,127
788340,128,0,128,0,128,1,127
788341,128,0,128,0,128,1,127
788342,128,0,128,0,128,1,127
788343,128,0,128,0,128,1,127
788344,128,0,128,0,128,1,127
788345,128,0,128,0,128,1,127
788346,128,0,128,0,128,1,127
788347,128,0,128,0,128,1,127
788348,128,0,128,0,128,1,127
788349,128,0,128,0,128,1,127
788350,128,0,128,0,128,1,127
788351,128,0,128,0,128,1,127
788352,128,0,128,0,128,1,127
788353,128,0,128,0,128,1,127
788354,128,0,128,0,128,1,127
788355,128,0,128,0,128,1,127
788356,128,0,128,0,128,1,127
788357,128,0,128,0,128,1,127
788358,128,0,128,0,128,1,127
788359,128,0,128,0,128,1,127
788360,128,0,128,0,128,1,127
788361,128,0,128,0,128,1,127
788362,128,0,128,0,128,1,127
788363,128,0,128,0,128,1,127
788364,128,0,128,0,128,1,127
788365,128,0,128,0,128,1,127
788366,128,0,128,0,128,1,127
788367,128,0,128,0,128,1,127
788368,128,0,128,0,128,1,127
788369,128,0,128,0,128,1,127
788370,128,0,128,0,128,1,127
788371,128,0,128,0,128,1,127
788372,128,0,128,0,128,1,127
788373,128,0,128,0,128,1,127
788374,128,0,128,0,128,1,127
788375,128,0,128,0,128,1,127
788376,128,0,128,0,128,1,127
788377,128,0,128,0,128,1,127
788378,128,0,128,0,128,1,127
788379,128,0,128,0,128,1,127
788380,128,0,128,0,128,1,127
788381,128,0,128,0,128,1,127
788382,128,0,128,0,128,1,127
788383,128,0,128,0,128,1,127
788384,128,0,128,0,128,1,127
788385,128,0,128,0,128,1,127
788386,128,0,128,0,128,1,127
788387,128,0,128,0,128,1,127
788388,128,0,128,0,128,1,127
788389,128,0,128,0,128,1,127
788390,128,0,128,0,128,1,127
788391,128,0,128,0,128,1,127
788392,128,0,128,0,128,1,127
788393,128,0,128,0,128,1,127
788394,128,0,128,0,128,1,127
788395,128,0,128,0,128,1,127
788396,128,0,128,0,128,1,127
788397,128,0,128,0,128,1,127
788398,128,0,128,0,128,1,127
788399,128,0,128,0,128,1,127
788400,128,0,128,0,128,1,127
788401,128,0,128,0,128,1,127
788402,128,0,128,0,128,1,127
788403,128,0,128,0,128,1,127
788404,128,0,128,0,128,1,127
788405,128,0,128,0,128,1,127
788406,128,0,128,0,128,1,127
788407,128,0,128,0,128,1,127
788408,128,0,128,0,128,1,127
788409,128,0,128,0,128,1,127
788410,128,0,128,0,128,1,127
788411,128,0,128,0,128,1,127
788412,128,0,128,0,128,1,127
788413,128,0,128,0,128,1,127
788414,128,0,128,0,128,1,127
788415,128,0,128,0,128,1,127
788416,128,0,128,0,128,1,127
788417,128,0,128,0,128,1,127
788418,128,0,128,0,128,1,127
788419,128,0,128,0,128,1,127
788420,128,0,128,0,128,1,127
788421,128,0,128,0,128,1,127
788422,128,0,128,0,128,1,127
788423,128,0,128,0,128,1,127
788424,128,0,128,0,128,1,127
788425,128,0,128,0,128,1,127
788426,128,0,128,0,128,1,127
788427,128,0,128,0,128,1,127
788428,128,0,128,0,128,1,127
788429,128,0,128,0,128,1,127
788430,128,0,128,0,128,1,127
788431,128,0,128,0,128,1,127
788432,128,0,128,0,128,1,127
788433,128,0,128,0,128,1,127
788434,128,0,128,0,128,1,127
788435,128,0,128,0,128,1,127
788436,128,0,128,0,128,1,127
788437,128,0,128,0,128,1,127
788438,128,0,128,0,128,1,127
788439,128,0,128,0,128,1,127
788440,128,0,128,0,128,1,127
788441,128,0,128,0,128,1,127
788442,128,0,128,0,128,1,127
788443,128,0,128,0,128,1,127
788444,128,0,128,0,128,1,127
788445,128,0,128,0,128,1,127
788446,128,0,128,0,128,1,127
788447,128,0,128,0,128,1,127
788448,128,0,128,0,128,1,127
788449,128,0,128,0,128,1,127
788450,128,0,128,0,128,1,127
788451,128,0,128,0,128,1,127
788452,128,0,128,0,128,1,127
788453,128,0,128,0,128,1,127
788454,128,0,128,0,128,1,127
788455,128,0,128,0,128,1,127
788456,128,0,128,0,128,1,127
788457,128,0,128,0,128,1,127
788458,128,0,128,0,128,1,127
788459,128,0,128,0,128,1,127
788460,128,0,128,0,128,1,127
788461,128,0,128,0,128,1,127
788462,128,0,128,0,128,1,127
788463,128,0,128,0,128,1,127
788464,128,0,128,0,128,1,127
788465,128,0,128,0,128,1,127
788466,128,0,128,0,128,1,127
788467,128,0,128,0,128,1,127
788468,128,0,128,0,128,1,127
788469,128,0,128,0,128,1,127
788470,128,0,128,0,128,1,127
788471,128,0,128,0,128,1,127
788472,128,0,128,0,128,1,127
788473,128,0,128,0,128,1,127
788474,128,0,128,0,128,1,127
788475,128,0,128,0,128,1,127
788476,128,0,128,0,128,1,127
788477,128,0,128,0,128,1,127
788478,128,0,128,0,128,1,127
